Time_Index,NG,nuclear_fuel,NGCCS
0,0.056877747,0.0,0.005388525
1,8.661,0.66,9.61608
2,8.661,0.66,9.61608
3,8.661,0.66,9.61608
4,8.661,0.66,9.61608
5,8.661,0.66,9.61608
6,8.661,0.66,9.61608
7,8.661,0.66,9.61608
8,8.661,0.66,9.61608
9,8.661,0.66,9.61608
10,8.661,0.66,9.61608
11,8.661,0.66,9.61608
12,8.661,0.66,9.61608
13,8.661,0.66,9.61608
14,8.661,0.66,9.61608
15,8.661,0.66,9.61608
16,8.661,0.66,9.61608
17,8.661,0.66,9.61608
18,8.661,0.66,9.61608
19,8.661,0.66,9.61608
20,8.661,0.66,9.61608
21,8.661,0.66,9.61608
22,8.661,0.66,9.61608
23,8.661,0.66,9.61608
24,8.661,0.66,9.61608
25,8.661,0.66,9.616079999999998
26,8.661,0.66,9.61608
27,8.661,0.66,9.61608
28,8.661,0.66,9.61608
29,8.661,0.66,9.61608
30,8.661,0.66,9.61608
31,8.661,0.66,9.61608
32,8.661,0.66,9.61608
33,8.661,0.66,9.61608
34,8.661,0.66,9.616079999999998
35,8.661,0.66,9.61608
36,8.661,0.66,9.61608
37,8.661,0.66,9.61608
38,8.661,0.66,9.61608
39,8.661,0.66,9.61608
40,8.661,0.66,9.61608
41,8.661,0.66,9.61608
42,8.661,0.66,9.61608
43,8.661,0.66,9.61608
44,8.661,0.66,9.61608
45,8.661,0.66,9.61608
46,8.661,0.66,9.61608
47,8.661,0.66,9.61608
48,8.661,0.66,9.61608
49,8.661,0.66,9.616079999999998
50,8.661,0.66,9.61608
51,8.661,0.66,9.616079999999998
52,8.661,0.66,9.61608
53,8.661,0.66,9.61608
54,8.661,0.66,9.61608
55,8.661,0.66,9.61608
56,8.661,0.66,9.61608
57,8.661,0.66,9.61608
58,8.661,0.66,9.61608
59,8.661,0.66,9.61608
60,8.661,0.66,9.61608
61,8.661,0.66,9.61608
62,8.661,0.66,9.61608
63,8.661,0.66,9.61608
64,8.661,0.66,9.61608
65,8.661,0.66,9.61608
66,8.661,0.66,9.61608
67,8.661,0.66,9.61608
68,8.661,0.66,9.61608
69,8.661,0.66,9.61608
70,8.661,0.66,9.616079999999998
71,8.661,0.66,9.61608
72,8.661,0.66,9.61608
73,8.661,0.66,9.61608
74,8.661,0.66,9.61608
75,8.661,0.66,9.61608
76,8.661,0.66,9.61608
77,8.661,0.66,9.61608
78,8.661,0.66,9.61608
79,8.661,0.66,9.61608
80,8.661,0.66,9.61608
81,8.661,0.66,9.61608
82,8.661,0.66,9.61608
83,8.661,0.66,9.616079999999998
84,8.661,0.66,9.61608
85,8.661,0.66,9.61608
86,8.661,0.66,9.61608
87,8.661,0.66,9.616079999999998
88,8.661,0.66,9.616079999999998
89,8.661,0.66,9.61608
90,8.661,0.66,9.616079999999998
91,8.661,0.66,9.61608
92,8.661,0.66,9.61608
93,8.661,0.66,9.61608
94,8.661,0.66,9.61608
95,8.661,0.66,9.61608
96,8.661,0.66,9.61608
97,8.661,0.66,9.61608
98,8.661,0.66,9.61608
99,8.661,0.66,9.61608
100,8.661,0.66,9.61608
101,8.661,0.66,9.61608
102,8.661,0.66,9.61608
103,8.661,0.66,9.61608
104,8.661,0.66,9.61608
105,8.661,0.66,9.61608
106,8.661,0.66,9.61608
107,8.661,0.66,9.61608
108,8.661,0.66,9.61608
109,8.661,0.66,9.61608
110,8.661,0.66,9.61608
111,8.661,0.66,9.61608
112,8.661,0.66,9.61608
113,8.661,0.66,9.61608
114,8.661,0.66,9.61608
115,8.661,0.66,9.61608
116,8.661,0.66,9.61608
117,8.661,0.66,9.61608
118,8.661,0.66,9.61608
119,8.661,0.66,9.61608
120,8.661,0.66,9.61608
121,8.661,0.66,9.61608
122,8.661,0.66,9.61608
123,8.661,0.66,9.61608
124,8.661,0.66,9.61608
125,8.661,0.66,9.61608
126,8.661,0.66,9.61608
127,8.661,0.66,9.61608
128,8.661,0.66,9.61608
129,8.661,0.66,9.61608
130,8.661,0.66,9.61608
131,8.661,0.66,9.616079999999998
132,8.661,0.66,9.61608
133,8.661,0.66,9.61608
134,8.661,0.66,9.61608
135,8.661,0.66,9.61608
136,8.661,0.66,9.61608
137,8.661,0.66,9.61608
138,8.661,0.66,9.61608
139,8.661,0.66,9.61608
140,8.661,0.66,9.61608
141,8.661,0.66,9.61608
142,8.661,0.66,9.61608
143,8.661,0.66,9.61608
144,8.661,0.66,9.61608
145,8.661,0.66,9.61608
146,8.661,0.66,9.61608
147,8.661,0.66,9.61608
148,8.661,0.66,9.616079999999998
149,8.661,0.66,9.61608
150,8.661,0.66,9.61608
151,8.661,0.66,9.61608
152,8.661,0.66,9.61608
153,8.661,0.66,9.61608
154,8.661,0.66,9.61608
155,8.661,0.66,9.61608
156,8.661,0.66,9.61608
157,8.661,0.66,9.61608
158,8.661,0.66,9.61608
159,8.661,0.66,9.61608
160,8.661,0.66,9.61608
161,8.661,0.66,9.61608
162,8.661,0.66,9.61608
163,8.661,0.66,9.616079999999998
164,8.661,0.66,9.61608
165,8.661,0.66,9.61608
166,8.661,0.66,9.61608
167,8.661,0.66,9.61608
168,8.661,0.66,9.61608
169,8.661,0.66,9.61608
170,8.661,0.66,9.61608
171,8.661,0.66,9.61608
172,8.661,0.66,9.61608
173,8.661,0.66,9.61608
174,8.661,0.66,9.61608
175,8.661,0.66,9.61608
176,8.661,0.66,9.616079999999998
177,8.661,0.66,9.61608
178,8.661,0.66,9.61608
179,8.661,0.66,9.61608
180,8.661,0.66,9.61608
181,8.661,0.66,9.61608
182,8.661,0.66,9.61608
183,8.661,0.66,9.61608
184,8.661,0.66,9.61608
185,8.661,0.66,9.61608
186,8.661,0.66,9.61608
187,8.661,0.66,9.61608
188,8.661,0.66,9.61608
189,8.661,0.66,9.61608
190,8.661,0.66,9.616079999999998
191,8.661,0.66,9.61608
192,8.661,0.66,9.61608
193,8.661,0.66,9.61608
194,8.661,0.66,9.61608
195,8.661,0.66,9.61608
196,8.661,0.66,9.61608
197,8.661,0.66,9.61608
198,8.661,0.66,9.61608
199,8.661,0.66,9.61608
200,8.661,0.66,9.61608
201,8.661,0.66,9.61608
202,8.661,0.66,9.61608
203,8.661,0.66,9.61608
204,8.661,0.66,9.61608
205,8.661,0.66,9.61608
206,8.661,0.66,9.61608
207,8.661,0.66,9.61608
208,8.661,0.66,9.61608
209,8.661,0.66,9.61608
210,8.661,0.66,9.61608
211,8.661,0.66,9.61608
212,8.661,0.66,9.61608
213,8.661,0.66,9.61608
214,8.661,0.66,9.61608
215,8.661,0.66,9.61608
216,8.661,0.66,9.61608
217,8.661,0.66,9.61608
218,8.661,0.66,9.616079999999998
219,8.661,0.66,9.61608
220,8.661,0.66,9.61608
221,8.661,0.66,9.61608
222,8.661,0.66,9.61608
223,8.661,0.66,9.61608
224,8.661,0.66,9.61608
225,8.661,0.66,9.61608
226,8.661,0.66,9.61608
227,8.661,0.66,9.61608
228,8.661,0.66,9.61608
229,8.661,0.66,9.61608
230,8.661,0.66,9.61608
231,8.661,0.66,9.61608
232,8.661,0.66,9.61608
233,8.661,0.66,9.61608
234,8.661,0.66,9.61608
235,8.661,0.66,9.61608
236,8.661,0.66,9.61608
237,8.661,0.66,9.61608
238,8.661,0.66,9.61608
239,8.661,0.66,9.61608
240,8.661,0.66,9.616079999999998
241,8.661,0.66,9.61608
242,8.661,0.66,9.61608
243,8.661,0.66,9.61608
244,8.661,0.66,9.616079999999998
245,8.661,0.66,9.61608
246,8.661,0.66,9.61608
247,8.661,0.66,9.61608
248,8.661,0.66,9.61608
249,8.661,0.66,9.61608
250,8.661,0.66,9.616079999999998
251,8.661,0.66,9.61608
252,8.661,0.66,9.61608
253,8.661,0.66,9.61608
254,8.661,0.66,9.61608
255,8.661,0.66,9.61608
256,8.661,0.66,9.61608
257,8.661,0.66,9.61608
258,8.661,0.66,9.61608
259,8.661,0.66,9.61608
260,8.661,0.66,9.61608
261,8.661,0.66,9.61608
262,8.661,0.66,9.61608
263,8.661,0.66,9.61608
264,8.661,0.66,9.61608
265,8.661,0.66,9.61608
266,8.661,0.66,9.61608
267,8.661,0.66,9.61608
268,8.661,0.66,9.61608
269,8.661,0.66,9.61608
270,8.661,0.66,9.61608
271,8.661,0.66,9.61608
272,8.661,0.66,9.61608
273,8.661,0.66,9.61608
274,8.661,0.66,9.61608
275,8.661,0.66,9.61608
276,8.661,0.66,9.61608
277,8.661,0.66,9.61608
278,8.661,0.66,9.61608
279,8.661,0.66,9.61608
280,8.661,0.66,9.61608
281,8.661,0.66,9.61608
282,8.661,0.66,9.61608
283,8.661,0.66,9.61608
284,8.661,0.66,9.61608
285,8.661,0.66,9.616079999999998
286,8.661,0.66,9.61608
287,8.661,0.66,9.61608
288,8.661,0.66,9.61608
289,8.661,0.66,9.61608
290,8.661,0.66,9.61608
291,8.661,0.66,9.616079999999998
292,8.661,0.66,9.61608
293,8.661,0.66,9.61608
294,8.661,0.66,9.61608
295,8.661,0.66,9.61608
296,8.661,0.66,9.61608
297,8.661,0.66,9.61608
298,8.661,0.66,9.61608
299,8.661,0.66,9.61608
300,8.661,0.66,9.61608
301,8.661,0.66,9.61608
302,8.661,0.66,9.61608
303,8.661,0.66,9.61608
304,8.661,0.66,9.61608
305,8.661,0.66,9.61608
306,8.661,0.66,9.61608
307,8.661,0.66,9.61608
308,8.661,0.66,9.616079999999998
309,8.661,0.66,9.61608
310,8.661,0.66,9.61608
311,8.661,0.66,9.616079999999998
312,8.661,0.66,9.61608
313,8.661,0.66,9.61608
314,8.661,0.66,9.61608
315,8.661,0.66,9.61608
316,8.661,0.66,9.61608
317,8.661,0.66,9.61608
318,8.661,0.66,9.61608
319,8.661,0.66,9.61608
320,8.661,0.66,9.61608
321,8.661,0.66,9.61608
322,8.661,0.66,9.61608
323,8.661,0.66,9.61608
324,8.661,0.66,9.61608
325,8.661,0.66,9.61608
326,8.661,0.66,9.61608
327,8.661,0.66,9.616079999999998
328,8.661,0.66,9.61608
329,8.661,0.66,9.61608
330,8.661,0.66,9.61608
331,8.661,0.66,9.61608
332,8.661,0.66,9.61608
333,8.661,0.66,9.61608
334,8.661,0.66,9.61608
335,8.661,0.66,9.61608
336,8.661,0.66,9.61608
337,8.661,0.66,9.61608
338,8.661,0.66,9.61608
339,8.661,0.66,9.61608
340,8.661,0.66,9.616079999999998
341,8.661,0.66,9.61608
342,8.661,0.66,9.61608
343,8.661,0.66,9.61608
344,8.661,0.66,9.616079999999998
345,8.661,0.66,9.61608
346,8.661,0.66,9.61608
347,8.661,0.66,9.61608
348,8.661,0.66,9.61608
349,8.661,0.66,9.61608
350,8.661,0.66,9.616079999999998
351,8.661,0.66,9.61608
352,8.661,0.66,9.61608
353,8.661,0.66,9.61608
354,8.661,0.66,9.61608
355,8.661,0.66,9.61608
356,8.661,0.66,9.61608
357,8.661,0.66,9.61608
358,8.661,0.66,9.61608
359,8.661,0.66,9.61608
360,8.661,0.66,9.61608
361,8.661,0.66,9.61608
362,8.661,0.66,9.61608
363,8.661,0.66,9.61608
364,8.661,0.66,9.61608
365,8.661,0.66,9.61608
366,8.661,0.66,9.61608
367,8.661,0.66,9.61608
368,8.661,0.66,9.61608
369,8.661,0.66,9.61608
370,8.661,0.66,9.616079999999998
371,8.661,0.66,9.61608
372,8.661,0.66,9.61608
373,8.275,0.66,9.23008
374,8.275,0.66,9.23008
375,8.275,0.66,9.23008
376,8.275,0.66,9.23008
377,8.275,0.66,9.23008
378,8.275,0.66,9.23008
379,8.275,0.66,9.23008
380,8.275,0.66,9.23008
381,8.275,0.66,9.23008
382,8.275,0.66,9.23008
383,8.275,0.66,9.23008
384,8.275,0.66,9.23008
385,8.275,0.66,9.23008
386,8.275,0.66,9.23008
387,8.275,0.66,9.23008
388,8.275000000000004,0.66,9.230079999999994
389,8.275,0.66,9.23008
390,8.275,0.66,9.23008
391,8.275,0.66,9.23008
392,8.275,0.66,9.23008
393,8.275,0.66,9.23008
394,8.275,0.66,9.23008
395,8.275,0.66,9.23008
396,8.275,0.66,9.23008
397,8.275,0.66,9.23008
398,8.275,0.66,9.23008
399,8.275,0.66,9.23008
400,8.275,0.66,9.23008
401,8.275,0.66,9.23008
402,8.275,0.66,9.23008
403,8.275,0.66,9.23008
404,8.275,0.66,9.23008
405,8.275,0.66,9.23008
406,8.275,0.66,9.23008
407,8.275,0.66,9.23008
408,8.275,0.66,9.23008
409,8.275,0.66,9.23008
410,8.275000000000002,0.66,9.23008
411,8.275,0.66,9.23008
412,8.275000000000002,0.66,9.23008
413,8.275,0.66,9.23008
414,8.275000000000002,0.66,9.230079999999997
415,8.275,0.66,9.23008
416,8.275,0.66,9.23008
417,8.275,0.66,9.23008
418,8.275,0.66,9.23008
419,8.275,0.66,9.23008
420,8.275,0.66,9.23008
421,8.275,0.66,9.23008
422,8.275,0.66,9.23008
423,8.275,0.66,9.23008
424,8.275,0.66,9.23008
425,8.275,0.66,9.23008
426,8.275,0.66,9.23008
427,8.275,0.66,9.23008
428,8.275,0.66,9.23008
429,8.275,0.66,9.23008
430,8.275,0.66,9.23008
431,8.275,0.66,9.23008
432,8.275,0.66,9.23008
433,8.275,0.66,9.23008
434,8.275,0.66,9.23008
435,8.275,0.66,9.23008
436,8.275,0.66,9.23008
437,8.275,0.66,9.23008
438,8.275,0.66,9.23008
439,8.275,0.66,9.23008
440,8.275,0.66,9.23008
441,8.275,0.66,9.23008
442,8.275,0.66,9.23008
443,8.275,0.66,9.23008
444,8.275,0.66,9.23008
445,8.275,0.66,9.23008
446,8.275,0.66,9.23008
447,8.275,0.66,9.23008
448,8.275,0.66,9.23008
449,8.275,0.66,9.23008
450,8.275,0.66,9.23008
451,8.275,0.66,9.23008
452,8.275,0.66,9.23008
453,8.275,0.66,9.23008
454,8.275,0.66,9.23008
455,8.275,0.66,9.23008
456,8.275,0.66,9.23008
457,8.275,0.66,9.23008
458,8.275,0.66,9.23008
459,8.275,0.66,9.23008
460,8.275,0.66,9.23008
461,8.275,0.66,9.23008
462,8.275,0.66,9.23008
463,8.275,0.66,9.23008
464,8.275,0.66,9.23008
465,8.275,0.66,9.23008
466,8.275,0.66,9.23008
467,8.275,0.66,9.23008
468,8.275,0.66,9.23008
469,8.275,0.66,9.23008
470,8.275,0.66,9.23008
471,8.275,0.66,9.23008
472,8.275,0.66,9.23008
473,8.275,0.66,9.23008
474,8.275,0.66,9.23008
475,8.275,0.66,9.23008
476,8.275,0.66,9.23008
477,8.275,0.66,9.23008
478,8.275,0.66,9.23008
479,8.275,0.66,9.23008
480,8.275,0.66,9.23008
481,8.275,0.66,9.23008
482,8.275,0.66,9.23008
483,8.275,0.66,9.23008
484,8.275,0.66,9.23008
485,8.275,0.66,9.23008
486,8.275,0.66,9.23008
487,8.275,0.66,9.23008
488,8.275,0.66,9.23008
489,8.275,0.66,9.23008
490,8.275,0.66,9.23008
491,8.275,0.66,9.23008
492,8.275,0.66,9.23008
493,8.275,0.66,9.23008
494,8.275,0.66,9.23008
495,8.275,0.66,9.23008
496,8.275,0.66,9.23008
497,8.275,0.66,9.23008
498,8.275,0.66,9.23008
499,8.275,0.66,9.23008
500,8.275,0.66,9.23008
501,8.275,0.66,9.23008
502,8.275,0.66,9.23008
503,8.275,0.66,9.23008
504,8.275,0.66,9.23008
505,8.275,0.66,9.23008
506,8.275,0.66,9.23008
507,8.275,0.66,9.23008
508,8.275,0.66,9.23008
509,8.275,0.66,9.23008
510,8.275,0.66,9.23008
511,8.275,0.66,9.23008
512,8.275,0.66,9.23008
513,8.275,0.66,9.23008
514,8.275000000000002,0.66,9.230079999999997
515,8.275,0.66,9.23008
516,8.275,0.66,9.23008
517,8.275,0.66,9.23008
518,8.275,0.66,9.23008
519,8.275,0.66,9.23008
520,8.275000000000002,0.66,9.23008
521,8.275,0.66,9.23008
522,8.275,0.66,9.23008
523,8.275,0.66,9.23008
524,8.275,0.66,9.23008
525,8.275,0.66,9.23008
526,8.275,0.66,9.23008
527,8.275,0.66,9.23008
528,8.275,0.66,9.23008
529,8.275,0.66,9.23008
530,8.275,0.66,9.23008
531,8.275,0.66,9.23008
532,8.275,0.66,9.23008
533,8.275,0.66,9.23008
534,8.275,0.66,9.23008
535,8.275,0.66,9.23008
536,8.275,0.66,9.23008
537,8.275,0.66,9.23008
538,8.275,0.66,9.23008
539,8.275,0.66,9.23008
540,8.275,0.66,9.23008
541,8.275,0.66,9.23008
542,8.275,0.66,9.23008
543,8.275,0.66,9.23008
544,8.275000000000002,0.66,9.23008
545,8.275,0.66,9.23008
546,8.275,0.66,9.23008
547,8.275,0.66,9.23008
548,8.275,0.66,9.23008
549,8.275,0.66,9.23008
550,8.275,0.66,9.23008
551,8.275,0.66,9.23008
552,8.275,0.66,9.23008
553,8.275,0.66,9.23008
554,8.275,0.66,9.23008
555,8.275,0.66,9.23008
556,8.275,0.66,9.23008
557,8.275,0.66,9.23008
558,8.275,0.66,9.23008
559,8.275,0.66,9.23008
560,8.275,0.66,9.23008
561,8.275000000000002,0.66,9.23008
562,8.275,0.66,9.23008
563,8.275,0.66,9.23008
564,8.275,0.66,9.23008
565,8.275,0.66,9.23008
566,8.275,0.66,9.23008
567,8.275,0.66,9.23008
568,8.275,0.66,9.23008
569,8.275,0.66,9.23008
570,8.275,0.66,9.23008
571,8.275,0.66,9.23008
572,8.275,0.66,9.23008
573,8.275,0.66,9.23008
574,8.275,0.66,9.23008
575,8.275,0.66,9.23008
576,8.275,0.66,9.23008
577,8.275,0.66,9.23008
578,8.275,0.66,9.23008
579,8.275,0.66,9.23008
580,8.275,0.66,9.23008
581,8.275,0.66,9.23008
582,8.275,0.66,9.23008
583,8.275,0.66,9.23008
584,8.275,0.66,9.23008
585,8.275,0.66,9.23008
586,8.275,0.66,9.23008
587,8.275,0.66,9.23008
588,8.275,0.66,9.23008
589,8.275,0.66,9.23008
590,8.275,0.66,9.23008
591,8.275,0.66,9.23008
592,8.275,0.66,9.23008
593,8.275,0.66,9.23008
594,8.275,0.66,9.23008
595,8.275,0.66,9.23008
596,8.275,0.66,9.23008
597,8.275,0.66,9.23008
598,8.275,0.66,9.23008
599,8.275,0.66,9.23008
600,8.275,0.66,9.23008
601,8.275,0.66,9.23008
602,8.275,0.66,9.23008
603,8.275,0.66,9.23008
604,8.275,0.66,9.23008
605,8.275,0.66,9.23008
606,8.275,0.66,9.23008
607,8.275,0.66,9.23008
608,8.275,0.66,9.23008
609,8.275,0.66,9.23008
610,8.275,0.66,9.23008
611,8.275,0.66,9.23008
612,8.275,0.66,9.23008
613,8.275,0.66,9.23008
614,8.275,0.66,9.23008
615,8.275,0.66,9.23008
616,8.275,0.66,9.23008
617,8.275,0.66,9.23008
618,8.275,0.66,9.23008
619,8.275,0.66,9.23008
620,8.275,0.66,9.23008
621,8.275,0.66,9.23008
622,8.275,0.66,9.23008
623,8.275,0.66,9.23008
624,8.275,0.66,9.23008
625,8.275,0.66,9.23008
626,8.275,0.66,9.23008
627,8.275,0.66,9.23008
628,8.275,0.66,9.23008
629,8.275,0.66,9.23008
630,8.275000000000002,0.66,9.23008
631,8.275,0.66,9.23008
632,8.275000000000002,0.66,9.23008
633,8.275,0.66,9.23008
634,8.275,0.66,9.23008
635,8.275,0.66,9.23008
636,8.275,0.66,9.23008
637,8.275,0.66,9.23008
638,8.275,0.66,9.23008
639,8.275,0.66,9.23008
640,8.275,0.66,9.23008
641,8.275,0.66,9.23008
642,8.275,0.66,9.23008
643,8.275,0.66,9.23008
644,8.275,0.66,9.23008
645,8.275,0.66,9.23008
646,8.275,0.66,9.23008
647,8.275,0.66,9.23008
648,8.275,0.66,9.23008
649,8.275,0.66,9.23008
650,8.275,0.66,9.23008
651,8.275,0.66,9.23008
652,8.275,0.66,9.23008
653,8.275,0.66,9.23008
654,8.275,0.66,9.23008
655,8.275,0.66,9.23008
656,8.275,0.66,9.23008
657,8.275,0.66,9.23008
658,8.275,0.66,9.23008
659,8.275,0.66,9.23008
660,8.275,0.66,9.23008
661,8.275,0.66,9.23008
662,8.275,0.66,9.23008
663,8.275,0.66,9.23008
664,8.275,0.66,9.23008
665,8.275,0.66,9.23008
666,8.275,0.66,9.23008
667,8.275,0.66,9.23008
668,8.275,0.66,9.23008
669,8.275,0.66,9.23008
670,8.275,0.66,9.23008
671,8.275,0.66,9.23008
672,8.275,0.66,9.23008
673,8.275,0.66,9.23008
674,8.275,0.66,9.23008
675,8.275,0.66,9.23008
676,8.275,0.66,9.23008
677,8.275,0.66,9.23008
678,8.275,0.66,9.23008
679,8.275,0.66,9.23008
680,8.275,0.66,9.23008
681,8.275,0.66,9.23008
682,8.275,0.66,9.23008
683,8.275,0.66,9.23008
684,8.275,0.66,9.23008
685,8.275,0.66,9.23008
686,8.275,0.66,9.23008
687,8.275,0.66,9.23008
688,8.275,0.66,9.23008
689,8.275,0.66,9.23008
690,8.275,0.66,9.23008
691,8.275,0.66,9.23008
692,8.275,0.66,9.23008
693,8.275,0.66,9.23008
694,8.275,0.66,9.23008
695,8.275,0.66,9.23008
696,8.275,0.66,9.23008
697,8.275,0.66,9.23008
698,8.275,0.66,9.23008
699,8.275,0.66,9.23008
700,8.275,0.66,9.23008
701,8.275,0.66,9.23008
702,8.275,0.66,9.23008
703,8.275,0.66,9.23008
704,7.424,0.66,8.37908
705,7.424,0.66,8.37908
706,7.424,0.66,8.37908
707,7.424000000000001,0.66,8.37908
708,7.424,0.66,8.37908
709,7.424,0.66,8.37908
710,7.424,0.66,8.37908
711,7.424,0.66,8.37908
712,7.424,0.66,8.37908
713,7.424,0.66,8.37908
714,7.424,0.66,8.37908
715,7.424,0.66,8.37908
716,7.424,0.66,8.37908
717,7.424,0.66,8.37908
718,7.424,0.66,8.37908
719,7.424,0.66,8.37908
720,7.424,0.66,8.37908
721,7.424,0.66,8.37908
722,7.424,0.66,8.37908
723,7.424,0.66,8.37908
724,7.424,0.66,8.37908
725,7.424,0.66,8.37908
726,7.424,0.66,8.37908
727,7.424,0.66,8.37908
728,7.424,0.66,8.37908
729,7.424,0.66,8.37908
730,7.424,0.66,8.37908
731,7.424,0.66,8.37908
732,7.424000000000001,0.66,8.37908
733,7.424,0.66,8.37908
734,7.424,0.66,8.37908
735,7.424,0.66,8.37908
736,7.424,0.66,8.37908
737,7.424,0.66,8.37908
738,7.424,0.66,8.37908
739,7.424,0.66,8.37908
740,7.424,0.66,8.37908
741,7.424,0.66,8.37908
742,7.424,0.66,8.37908
743,7.424,0.66,8.37908
744,7.424,0.66,8.37908
745,7.424,0.66,8.37908
746,7.424,0.66,8.37908
747,7.424,0.66,8.37908
748,7.424,0.66,8.37908
749,7.424,0.66,8.37908
750,7.424,0.66,8.37908
751,7.424,0.66,8.37908
752,7.424,0.66,8.37908
753,7.424,0.66,8.37908
754,7.424,0.66,8.37908
755,7.424,0.66,8.37908
756,7.424,0.66,8.37908
757,7.424,0.66,8.37908
758,7.424,0.66,8.37908
759,7.424,0.66,8.37908
760,7.424,0.66,8.37908
761,7.424,0.66,8.37908
762,7.424,0.66,8.37908
763,7.424,0.66,8.37908
764,7.424,0.66,8.37908
765,7.424,0.66,8.37908
766,7.424,0.66,8.37908
767,7.424,0.66,8.37908
768,7.424,0.66,8.37908
769,7.424,0.66,8.37908
770,7.424,0.66,8.37908
771,7.424,0.66,8.37908
772,7.424,0.66,8.37908
773,7.424,0.66,8.37908
774,7.424,0.66,8.37908
775,7.424,0.66,8.37908
776,7.424,0.66,8.37908
777,7.424,0.66,8.37908
778,7.424,0.66,8.37908
779,7.424,0.66,8.37908
780,7.424,0.66,8.37908
781,7.424,0.66,8.37908
782,7.424,0.66,8.37908
783,7.424,0.66,8.37908
784,7.424,0.66,8.37908
785,7.424,0.66,8.37908
786,7.424,0.66,8.37908
787,7.424000000000001,0.66,8.37908
788,7.424000000000001,0.66,8.37908
789,7.424,0.66,8.37908
790,7.424,0.66,8.37908
791,7.424,0.66,8.37908
792,7.424,0.66,8.37908
793,7.424,0.66,8.37908
794,7.424,0.66,8.37908
795,7.424,0.66,8.37908
796,7.424,0.66,8.37908
797,7.424,0.66,8.37908
798,7.424,0.66,8.37908
799,7.424,0.66,8.37908
800,7.424,0.66,8.37908
801,7.424,0.66,8.37908
802,7.424,0.66,8.37908
803,7.424,0.66,8.37908
804,7.424,0.66,8.37908
805,7.424,0.66,8.37908
806,7.424,0.66,8.37908
807,7.424,0.66,8.37908
808,7.424,0.66,8.37908
809,7.424,0.66,8.37908
810,7.424,0.66,8.37908
811,7.424,0.66,8.37908
812,7.424,0.66,8.37908
813,7.424,0.66,8.37908
814,7.424,0.66,8.37908
815,7.424,0.66,8.37908
816,7.424,0.66,8.37908
817,7.424,0.66,8.37908
818,7.424,0.66,8.37908
819,7.424,0.66,8.37908
820,7.424000000000001,0.66,8.37908
821,7.424,0.66,8.37908
822,7.424,0.66,8.37908
823,7.424,0.66,8.37908
824,7.424,0.66,8.37908
825,7.424,0.66,8.37908
826,7.424,0.66,8.37908
827,7.424,0.66,8.37908
828,7.424,0.66,8.37908
829,7.424,0.66,8.37908
830,7.424,0.66,8.37908
831,7.424,0.66,8.37908
832,7.424,0.66,8.37908
833,7.424,0.66,8.37908
834,7.424,0.66,8.37908
835,7.424,0.66,8.37908
836,7.424,0.66,8.37908
837,7.424,0.66,8.37908
838,7.424,0.66,8.37908
839,7.424,0.66,8.37908
840,7.424,0.66,8.37908
841,7.424,0.66,8.37908
842,7.424,0.66,8.37908
843,7.424,0.66,8.37908
844,7.424,0.66,8.37908
845,7.424,0.66,8.37908
846,7.424000000000001,0.66,8.37908
847,7.424,0.66,8.37908
848,7.424,0.66,8.37908
849,7.424,0.66,8.37908
850,7.424,0.66,8.37908
851,7.424,0.66,8.37908
852,7.424,0.66,8.37908
853,7.424,0.66,8.37908
854,7.424,0.66,8.37908
855,7.424,0.66,8.37908
856,7.424,0.66,8.37908
857,7.424,0.66,8.37908
858,7.424,0.66,8.37908
859,7.424,0.66,8.37908
860,7.424,0.66,8.37908
861,7.424,0.66,8.37908
862,7.424,0.66,8.37908
863,7.424,0.66,8.37908
864,7.424,0.66,8.37908
865,7.424,0.66,8.37908
866,7.424,0.66,8.37908
867,7.424,0.66,8.37908
868,7.424,0.66,8.37908
869,7.424,0.66,8.37908
870,7.424,0.66,8.37908
871,7.424,0.66,8.37908
872,7.424,0.66,8.37908
873,7.424,0.66,8.37908
874,7.424,0.66,8.37908
875,7.424,0.66,8.37908
876,7.424,0.66,8.37908
877,7.424,0.66,8.37908
878,7.424,0.66,8.37908
879,7.424,0.66,8.37908
880,7.424,0.66,8.37908
881,7.424,0.66,8.37908
882,7.424,0.66,8.37908
883,7.424,0.66,8.37908
884,7.424,0.66,8.37908
885,7.424,0.66,8.37908
886,7.424,0.66,8.37908
887,7.424,0.66,8.37908
888,7.424,0.66,8.37908
889,7.424000000000001,0.66,8.37908
890,7.424,0.66,8.37908
891,7.424,0.66,8.37908
892,7.424,0.66,8.37908
893,7.424,0.66,8.37908
894,7.424,0.66,8.37908
895,7.424,0.66,8.37908
896,7.424,0.66,8.37908
897,7.424,0.66,8.37908
898,7.424,0.66,8.37908
899,7.424,0.66,8.37908
900,7.424,0.66,8.37908
901,7.424,0.66,8.37908
902,7.424,0.66,8.37908
903,7.424,0.66,8.37908
904,7.424,0.66,8.37908
905,7.424,0.66,8.37908
906,7.424,0.66,8.37908
907,7.424,0.66,8.37908
908,7.424,0.66,8.37908
909,7.424,0.66,8.37908
910,7.424,0.66,8.37908
911,7.424,0.66,8.37908
912,7.424,0.66,8.37908
913,7.424,0.66,8.37908
914,7.424,0.66,8.37908
915,7.424,0.66,8.37908
916,7.424,0.66,8.37908
917,7.424,0.66,8.37908
918,7.424,0.66,8.37908
919,7.424,0.66,8.37908
920,7.424,0.66,8.37908
921,7.424,0.66,8.37908
922,7.424,0.66,8.37908
923,7.424,0.66,8.37908
924,7.424000000000001,0.66,8.37908
925,7.424,0.66,8.37908
926,7.424000000000001,0.66,8.37908
927,7.424,0.66,8.37908
928,7.424,0.66,8.37908
929,7.424,0.66,8.37908
930,7.424,0.66,8.37908
931,7.424,0.66,8.37908
932,7.424,0.66,8.37908
933,7.424,0.66,8.37908
934,7.424,0.66,8.37908
935,7.424,0.66,8.37908
936,7.424,0.66,8.37908
937,7.424,0.66,8.37908
938,7.424,0.66,8.37908
939,7.424,0.66,8.37908
940,7.424,0.66,8.37908
941,7.424,0.66,8.37908
942,7.424,0.66,8.37908
943,7.424,0.66,8.37908
944,7.424,0.66,8.37908
945,7.424,0.66,8.37908
946,7.424,0.66,8.37908
947,7.424,0.66,8.37908
948,7.424,0.66,8.37908
949,7.424,0.66,8.37908
950,7.424,0.66,8.37908
951,7.424,0.66,8.37908
952,7.424,0.66,8.37908
953,7.424,0.66,8.37908
954,7.424,0.66,8.37908
955,7.424,0.66,8.37908
956,7.424,0.66,8.37908
957,7.424,0.66,8.37908
958,7.424,0.66,8.37908
959,7.424,0.66,8.37908
960,7.424,0.66,8.37908
961,7.424,0.66,8.37908
962,7.424,0.66,8.37908
963,7.424,0.66,8.37908
964,7.424,0.66,8.37908
965,7.424,0.66,8.37908
966,7.424,0.66,8.37908
967,7.424,0.66,8.37908
968,7.424,0.66,8.37908
969,7.424,0.66,8.37908
970,7.424,0.66,8.37908
971,7.424,0.66,8.37908
972,7.424,0.66,8.37908
973,7.424,0.66,8.37908
974,7.424,0.66,8.37908
975,7.424,0.66,8.37908
976,7.424,0.66,8.37908
977,7.424,0.66,8.37908
978,7.424,0.66,8.37908
979,7.424,0.66,8.37908
980,7.424,0.66,8.37908
981,7.424,0.66,8.37908
982,7.424,0.66,8.37908
983,7.424,0.66,8.37908
984,7.424,0.66,8.37908
985,7.424,0.66,8.37908
986,7.424,0.66,8.37908
987,7.424,0.66,8.37908
988,7.424,0.66,8.37908
989,7.424,0.66,8.37908
990,7.424,0.66,8.37908
991,7.424,0.66,8.37908
992,7.424,0.66,8.37908
993,7.424,0.66,8.37908
994,7.424,0.66,8.37908
995,7.424,0.66,8.37908
996,7.424,0.66,8.37908
997,7.424,0.66,8.37908
998,7.424,0.66,8.37908
999,7.424,0.66,8.37908
1000,7.424,0.66,8.37908
1001,7.424,0.66,8.37908
1002,7.424,0.66,8.37908
1003,7.424,0.66,8.37908
1004,7.424,0.66,8.37908
1005,7.424,0.66,8.37908
1006,7.424,0.66,8.37908
1007,7.424,0.66,8.37908
1008,7.424,0.66,8.37908
1009,7.424,0.66,8.37908
1010,7.424,0.66,8.37908
1011,7.424,0.66,8.37908
1012,7.424,0.66,8.37908
1013,7.424,0.66,8.37908
1014,7.424,0.66,8.37908
1015,7.424,0.66,8.37908
1016,7.424,0.66,8.37908
1017,7.424,0.66,8.37908
1018,7.424,0.66,8.37908
1019,7.424,0.66,8.37908
1020,7.424,0.66,8.37908
1021,7.424,0.66,8.37908
1022,7.424,0.66,8.37908
1023,7.424,0.66,8.37908
1024,7.424,0.66,8.37908
1025,7.424,0.66,8.37908
1026,7.424,0.66,8.37908
1027,7.424,0.66,8.37908
1028,7.424,0.66,8.37908
1029,7.424,0.66,8.37908
1030,7.424,0.66,8.37908
1031,7.424,0.66,8.37908
1032,7.424,0.66,8.37908
1033,7.424,0.66,8.37908
1034,7.424,0.66,8.37908
1035,7.424,0.66,8.37908
1036,7.424,0.66,8.37908
1037,7.424,0.66,8.37908
1038,7.424,0.66,8.37908
1039,7.424,0.66,8.37908
1040,7.424,0.66,8.37908
1041,7.424,0.66,8.37908
1042,7.424,0.66,8.37908
1043,7.424,0.66,8.37908
1044,7.424,0.66,8.37908
1045,7.424,0.66,8.37908
1046,7.424,0.66,8.37908
1047,7.424000000000001,0.66,8.37908
1048,7.424,0.66,8.37908
1049,7.424,0.66,8.37908
1050,7.424,0.66,8.37908
1051,7.424,0.66,8.37908
1052,7.424,0.66,8.37908
1053,7.424,0.66,8.37908
1054,7.424,0.66,8.37908
1055,7.424,0.66,8.37908
1056,7.424000000000001,0.66,8.37908
1057,7.424,0.66,8.37908
1058,7.424,0.66,8.37908
1059,7.424,0.66,8.37908
1060,7.424,0.66,8.37908
1061,7.424,0.66,8.37908
1062,7.424,0.66,8.37908
1063,7.424,0.66,8.37908
1064,7.424,0.66,8.37908
1065,7.424,0.66,8.37908
1066,7.424,0.66,8.37908
1067,7.424,0.66,8.37908
1068,7.424,0.66,8.37908
1069,7.424,0.66,8.37908
1070,7.424,0.66,8.37908
1071,7.424,0.66,8.37908
1072,7.424,0.66,8.37908
1073,7.424,0.66,8.37908
1074,7.424,0.66,8.37908
1075,7.424,0.66,8.37908
1076,7.424,0.66,8.37908
1077,7.424,0.66,8.37908
1078,7.424,0.66,8.37908
1079,7.424,0.66,8.37908
1080,7.424,0.66,8.37908
1081,7.424,0.66,8.37908
1082,7.424,0.66,8.37908
1083,7.424,0.66,8.37908
1084,7.424,0.66,8.37908
1085,7.424,0.66,8.37908
1086,7.424,0.66,8.37908
1087,7.424,0.66,8.37908
1088,7.424,0.66,8.37908
1089,7.424,0.66,8.37908
1090,7.424,0.66,8.37908
1091,7.424,0.66,8.37908
1092,7.424,0.66,8.37908
1093,7.424,0.66,8.37908
1094,7.424,0.66,8.37908
1095,7.424,0.66,8.37908
1096,7.424,0.66,8.37908
1097,7.424,0.66,8.37908
1098,7.424,0.66,8.37908
1099,7.424,0.66,8.37908
1100,7.424,0.66,8.37908
1101,7.424,0.66,8.37908
1102,7.424,0.66,8.37908
1103,7.424,0.66,8.37908
1104,7.424,0.66,8.37908
1105,7.424,0.66,8.37908
1106,7.424,0.66,8.37908
1107,7.424,0.66,8.37908
1108,7.424,0.66,8.37908
1109,7.424,0.66,8.37908
1110,7.424,0.66,8.37908
1111,7.424000000000001,0.66,8.37908
1112,7.424,0.66,8.37908
1113,7.424,0.66,8.37908
1114,7.424,0.66,8.37908
1115,7.424,0.66,8.37908
1116,7.424,0.66,8.37908
1117,7.424,0.66,8.37908
1118,7.424,0.66,8.37908
1119,7.424000000000001,0.66,8.37908
1120,7.424,0.66,8.37908
1121,7.424,0.66,8.37908
1122,7.424,0.66,8.37908
1123,7.424,0.66,8.37908
1124,7.424,0.66,8.37908
1125,7.424,0.66,8.37908
1126,7.424,0.66,8.37908
1127,7.424000000000001,0.66,8.37908
1128,7.424,0.66,8.37908
1129,7.424,0.66,8.37908
1130,7.424,0.66,8.37908
1131,7.424,0.66,8.37908
1132,7.424,0.66,8.37908
1133,7.424,0.66,8.37908
1134,7.424,0.66,8.37908
1135,7.424,0.66,8.37908
1136,7.424,0.66,8.37908
1137,7.424000000000003,0.66,8.37908
1138,7.424,0.66,8.37908
1139,7.424,0.66,8.37908
1140,7.424,0.66,8.37908
1141,7.424,0.66,8.37908
1142,7.424,0.66,8.37908
1143,7.424,0.66,8.37908
1144,7.424,0.66,8.37908
1145,7.424,0.66,8.37908
1146,6.469,0.66,7.42408
1147,6.469,0.66,7.42408
1148,6.469,0.66,7.42408
1149,6.469,0.66,7.42408
1150,6.469,0.66,7.42408
1151,6.469,0.66,7.42408
1152,6.469,0.66,7.42408
1153,6.469,0.66,7.42408
1154,6.469,0.66,7.42408
1155,6.469,0.66,7.42408
1156,6.469,0.66,7.42408
1157,6.469,0.66,7.42408
1158,6.469,0.66,7.42408
1159,6.469,0.66,7.42408
1160,6.469,0.66,7.42408
1161,6.469,0.66,7.42408
1162,6.469,0.66,7.42408
1163,6.469,0.66,7.42408
1164,6.469,0.66,7.42408
1165,6.469,0.66,7.42408
1166,6.469,0.66,7.42408
1167,6.469,0.66,7.424080000000001
1168,6.469,0.66,7.42408
1169,6.469,0.66,7.42408
1170,6.469,0.66,7.42408
1171,6.469,0.66,7.42408
1172,6.469,0.66,7.42408
1173,6.469,0.66,7.42408
1174,6.469,0.66,7.42408
1175,6.469,0.66,7.42408
1176,6.469,0.66,7.42408
1177,6.469,0.66,7.42408
1178,6.469,0.66,7.42408
1179,6.469,0.66,7.42408
1180,6.469,0.66,7.42408
1181,6.469,0.66,7.42408
1182,6.469,0.66,7.42408
1183,6.469,0.66,7.42408
1184,6.469,0.66,7.42408
1185,6.469,0.66,7.42408
1186,6.469,0.66,7.42408
1187,6.469,0.66,7.42408
1188,6.469,0.66,7.42408
1189,6.468999999999999,0.66,7.424080000000001
1190,6.469,0.66,7.42408
1191,6.469,0.66,7.42408
1192,6.469,0.66,7.42408
1193,6.468999999999999,0.66,7.424080000000001
1194,6.469,0.66,7.42408
1195,6.469,0.66,7.424080000000001
1196,6.469,0.66,7.42408
1197,6.469,0.66,7.42408
1198,6.469,0.66,7.424080000000002
1199,6.469,0.66,7.42408
1200,6.469,0.66,7.42408
1201,6.469,0.66,7.42408
1202,6.469,0.66,7.42408
1203,6.469,0.66,7.42408
1204,6.469,0.66,7.42408
1205,6.469,0.66,7.42408
1206,6.469,0.66,7.424080000000002
1207,6.469,0.66,7.42408
1208,6.469,0.66,7.42408
1209,6.469,0.66,7.42408
1210,6.469,0.66,7.42408
1211,6.469,0.66,7.42408
1212,6.469,0.66,7.42408
1213,6.469,0.66,7.42408
1214,6.469,0.66,7.42408
1215,6.469,0.66,7.42408
1216,6.469,0.66,7.42408
1217,6.469,0.66,7.42408
1218,6.469,0.66,7.42408
1219,6.469,0.66,7.42408
1220,6.469,0.66,7.42408
1221,6.469,0.66,7.42408
1222,6.468999999999999,0.66,7.424080000000001
1223,6.469,0.66,7.42408
1224,6.469,0.66,7.42408
1225,6.469,0.66,7.42408
1226,6.469,0.66,7.42408
1227,6.469,0.66,7.42408
1228,6.469,0.66,7.42408
1229,6.469,0.66,7.42408
1230,6.469,0.66,7.42408
1231,6.469,0.66,7.42408
1232,6.469,0.66,7.42408
1233,6.469,0.66,7.42408
1234,6.469,0.66,7.42408
1235,6.469,0.66,7.424080000000002
1236,6.469,0.66,7.42408
1237,6.469,0.66,7.42408
1238,6.469,0.66,7.42408
1239,6.469,0.66,7.42408
1240,6.469,0.66,7.42408
1241,6.469,0.66,7.42408
1242,6.469,0.66,7.42408
1243,6.469,0.66,7.42408
1244,6.469,0.66,7.42408
1245,6.469,0.66,7.42408
1246,6.469,0.66,7.42408
1247,6.469,0.66,7.424080000000002
1248,6.469,0.66,7.42408
1249,6.469,0.66,7.42408
1250,6.469,0.66,7.42408
1251,6.469,0.66,7.42408
1252,6.469,0.66,7.42408
1253,6.469,0.66,7.42408
1254,6.469,0.66,7.42408
1255,6.469,0.66,7.42408
1256,6.469,0.66,7.42408
1257,6.4689999999999985,0.66,7.424080000000003
1258,6.469,0.66,7.42408
1259,6.469,0.66,7.42408
1260,6.469,0.66,7.42408
1261,6.469,0.66,7.42408
1262,6.469,0.66,7.42408
1263,6.469,0.66,7.42408
1264,6.469,0.66,7.42408
1265,6.469,0.66,7.42408
1266,6.469,0.66,7.42408
1267,6.469,0.66,7.42408
1268,6.469,0.66,7.42408
1269,6.469,0.66,7.42408
1270,6.468999999999999,0.66,7.424080000000001
1271,6.469,0.66,7.42408
1272,6.469,0.66,7.42408
1273,6.469,0.66,7.42408
1274,6.469,0.66,7.42408
1275,6.469,0.66,7.42408
1276,6.469,0.66,7.42408
1277,6.469,0.66,7.42408
1278,6.469,0.66,7.42408
1279,6.469,0.66,7.42408
1280,6.469,0.66,7.42408
1281,6.469,0.66,7.42408
1282,6.469,0.66,7.42408
1283,6.469,0.66,7.42408
1284,6.469,0.66,7.42408
1285,6.469,0.66,7.424080000000002
1286,6.469,0.66,7.42408
1287,6.469,0.66,7.42408
1288,6.469,0.66,7.42408
1289,6.469,0.66,7.42408
1290,6.469,0.66,7.42408
1291,6.469,0.66,7.42408
1292,6.469,0.66,7.42408
1293,6.469,0.66,7.42408
1294,6.469,0.66,7.42408
1295,6.469,0.66,7.42408
1296,6.469,0.66,7.42408
1297,6.469,0.66,7.42408
1298,6.469,0.66,7.42408
1299,6.469,0.66,7.424080000000002
1300,6.469,0.66,7.42408
1301,6.469,0.66,7.42408
1302,6.469,0.66,7.42408
1303,6.469,0.66,7.42408
1304,6.469,0.66,7.42408
1305,6.469,0.66,7.42408
1306,6.469,0.66,7.42408
1307,6.469,0.66,7.42408
1308,6.469,0.66,7.42408
1309,6.469,0.66,7.42408
1310,6.469,0.66,7.42408
1311,6.469,0.66,7.42408
1312,6.469,0.66,7.42408
1313,6.469,0.66,7.42408
1314,6.469,0.66,7.42408
1315,6.469,0.66,7.424080000000002
1316,6.469,0.66,7.42408
1317,6.469,0.66,7.42408
1318,6.469,0.66,7.42408
1319,6.469,0.66,7.42408
1320,6.469,0.66,7.42408
1321,6.469,0.66,7.42408
1322,6.469,0.66,7.42408
1323,6.469,0.66,7.42408
1324,6.469,0.66,7.42408
1325,6.469,0.66,7.42408
1326,6.469,0.66,7.42408
1327,6.469,0.66,7.42408
1328,6.469,0.66,7.42408
1329,6.469,0.66,7.42408
1330,6.468999999999999,0.66,7.424080000000001
1331,6.469,0.66,7.42408
1332,6.469,0.66,7.42408
1333,6.469,0.66,7.42408
1334,6.469,0.66,7.42408
1335,6.469,0.66,7.42408
1336,6.469,0.66,7.42408
1337,6.469,0.66,7.42408
1338,6.469,0.66,7.42408
1339,6.469,0.66,7.42408
1340,6.469,0.66,7.42408
1341,6.469,0.66,7.42408
1342,6.469,0.66,7.42408
1343,6.469,0.66,7.42408
1344,6.469,0.66,7.42408
1345,6.469,0.66,7.424080000000001
1346,6.469,0.66,7.42408
1347,6.469,0.66,7.42408
1348,6.469,0.66,7.42408
1349,6.469,0.66,7.42408
1350,6.469,0.66,7.42408
1351,6.469,0.66,7.42408
1352,6.469,0.66,7.42408
1353,6.469,0.66,7.42408
1354,6.469,0.66,7.42408
1355,6.469,0.66,7.42408
1356,6.469,0.66,7.42408
1357,6.469,0.66,7.42408
1358,6.469,0.66,7.42408
1359,6.469,0.66,7.42408
1360,6.469,0.66,7.42408
1361,6.469,0.66,7.42408
1362,6.469,0.66,7.42408
1363,6.468999999999999,0.66,7.424080000000001
1364,6.469,0.66,7.42408
1365,6.469,0.66,7.42408
1366,6.469,0.66,7.42408
1367,6.469,0.66,7.42408
1368,6.469,0.66,7.42408
1369,6.469,0.66,7.42408
1370,6.469,0.66,7.42408
1371,6.469,0.66,7.42408
1372,6.469,0.66,7.42408
1373,6.469,0.66,7.42408
1374,6.469,0.66,7.42408
1375,6.469,0.66,7.42408
1376,6.469,0.66,7.42408
1377,6.469,0.66,7.42408
1378,6.469,0.66,7.424080000000002
1379,6.469,0.66,7.42408
1380,6.469,0.66,7.42408
1381,6.469,0.66,7.42408
1382,6.469,0.66,7.42408
1383,6.469,0.66,7.42408
1384,6.469,0.66,7.42408
1385,6.469,0.66,7.42408
1386,6.469,0.66,7.42408
1387,6.469,0.66,7.42408
1388,6.469,0.66,7.42408
1389,6.469,0.66,7.42408
1390,6.469,0.66,7.42408
1391,6.469,0.66,7.424080000000002
1392,6.469,0.66,7.42408
1393,6.469,0.66,7.42408
1394,6.469,0.66,7.42408
1395,6.469,0.66,7.42408
1396,6.469,0.66,7.42408
1397,6.469,0.66,7.42408
1398,6.469,0.66,7.42408
1399,6.469,0.66,7.42408
1400,6.468999999999998,0.66,7.424080000000003
1401,6.469,0.66,7.42408
1402,6.469,0.66,7.42408
1403,6.469,0.66,7.42408
1404,6.469,0.66,7.42408
1405,6.469,0.66,7.42408
1406,6.469,0.66,7.42408
1407,6.469,0.66,7.42408
1408,6.469,0.66,7.42408
1409,6.469,0.66,7.42408
1410,6.469,0.66,7.42408
1411,6.469,0.66,7.42408
1412,6.469,0.66,7.424080000000002
1413,6.469,0.66,7.42408
1414,6.469,0.66,7.42408
1415,6.469,0.66,7.42408
1416,6.469,0.66,7.42408
1417,6.469,0.66,7.42408
1418,6.469,0.66,7.42408
1419,6.469,0.66,7.42408
1420,6.469,0.66,7.42408
1421,6.469,0.66,7.42408
1422,6.469,0.66,7.42408
1423,6.469,0.66,7.42408
1424,6.469,0.66,7.42408
1425,6.469,0.66,7.42408
1426,6.469,0.66,7.42408
1427,6.469,0.66,7.42408
1428,6.469,0.66,7.42408
1429,6.469,0.66,7.42408
1430,6.469,0.66,7.42408
1431,6.469,0.66,7.424080000000002
1432,6.469,0.66,7.42408
1433,6.469,0.66,7.42408
1434,6.469,0.66,7.42408
1435,6.469,0.66,7.42408
1436,6.469,0.66,7.42408
1437,6.469,0.66,7.42408
1438,6.469,0.66,7.42408
1439,6.469,0.66,7.42408
1440,6.468999999999996,0.66,7.424080000000002
1441,6.469,0.66,7.42408
1442,6.469,0.66,7.42408
1443,6.469,0.66,7.42408
1444,6.469,0.66,7.42408
1445,6.469,0.66,7.42408
1446,6.469,0.66,7.42408
1447,6.469,0.66,7.42408
1448,6.469,0.66,7.42408
1449,6.469,0.66,7.42408
1450,6.469,0.66,7.42408
1451,6.469,0.66,7.42408
1452,6.469,0.66,7.42408
1453,6.469,0.66,7.42408
1454,6.469,0.66,7.42408
1455,6.469,0.66,7.42408
1456,6.469,0.66,7.42408
1457,6.469,0.66,7.42408
1458,6.468999999999999,0.66,7.424080000000001
1459,6.469,0.66,7.42408
1460,6.469,0.66,7.42408
1461,6.469,0.66,7.42408
1462,6.469,0.66,7.42408
1463,6.469,0.66,7.42408
1464,6.469,0.66,7.42408
1465,6.469,0.66,7.42408
1466,6.469,0.66,7.42408
1467,6.469,0.66,7.42408
1468,6.468999999999998,0.66,7.424080000000003
1469,6.469,0.66,7.42408
1470,6.469,0.66,7.424080000000002
1471,6.469,0.66,7.42408
1472,6.469,0.66,7.42408
1473,6.469,0.66,7.42408
1474,6.468999999999999,0.66,7.424080000000001
1475,6.469,0.66,7.42408
1476,6.469,0.66,7.42408
1477,6.469,0.66,7.42408
1478,6.469,0.66,7.42408
1479,6.469,0.66,7.42408
1480,6.469,0.66,7.42408
1481,6.469,0.66,7.42408
1482,6.469,0.66,7.42408
1483,6.469,0.66,7.42408
1484,6.469,0.66,7.42408
1485,6.469,0.66,7.42408
1486,6.469,0.66,7.42408
1487,6.469,0.66,7.42408
1488,6.469,0.66,7.42408
1489,6.469,0.66,7.424080000000002
1490,6.469,0.66,7.42408
1491,6.469,0.66,7.42408
1492,6.469,0.66,7.42408
1493,6.469,0.66,7.42408
1494,6.469,0.66,7.42408
1495,6.469,0.66,7.42408
1496,6.469,0.66,7.42408
1497,6.469,0.66,7.42408
1498,6.469,0.66,7.42408
1499,6.469,0.66,7.42408
1500,6.469,0.66,7.42408
1501,6.469,0.66,7.42408
1502,6.469,0.66,7.42408
1503,6.469,0.66,7.42408
1504,6.469,0.66,7.42408
1505,6.469,0.66,7.424080000000002
1506,6.469,0.66,7.42408
1507,6.469,0.66,7.42408
1508,6.469,0.66,7.42408
1509,6.469,0.66,7.42408
1510,6.469,0.66,7.42408
1511,6.469,0.66,7.42408
1512,6.469,0.66,7.42408
1513,6.469,0.66,7.42408
1514,6.469,0.66,7.42408
1515,6.469,0.66,7.42408
1516,6.469,0.66,7.42408
1517,6.469,0.66,7.42408
1518,6.469,0.66,7.42408
1519,6.469,0.66,7.42408
1520,6.469,0.66,7.42408
1521,6.469,0.66,7.42408
1522,6.469,0.66,7.42408
1523,6.468999999999999,0.66,7.424080000000001
1524,6.469,0.66,7.42408
1525,6.469,0.66,7.42408
1526,6.469,0.66,7.42408
1527,6.469,0.66,7.42408
1528,6.469,0.66,7.42408
1529,6.469,0.66,7.42408
1530,6.469,0.66,7.42408
1531,6.469,0.66,7.42408
1532,6.469,0.66,7.42408
1533,6.469,0.66,7.42408
1534,6.469,0.66,7.42408
1535,6.469,0.66,7.42408
1536,6.441888888888889,0.66,7.396968888888888
1537,6.408,0.66,7.36308
1538,6.408,0.66,7.36308
1539,6.408,0.66,7.36308
1540,6.408,0.66,7.36308
1541,6.408,0.66,7.36308
1542,6.4079999999999995,0.66,7.363079999999999
1543,6.408,0.66,7.36308
1544,6.408,0.66,7.36308
1545,6.408,0.66,7.36308
1546,6.408,0.66,7.36308
1547,6.408,0.66,7.363079999999998
1548,6.408,0.66,7.36308
1549,6.408,0.66,7.36308
1550,6.408,0.66,7.36308
1551,6.408,0.66,7.36308
1552,6.408,0.66,7.36308
1553,6.408,0.66,7.36308
1554,6.408,0.66,7.36308
1555,6.408,0.66,7.36308
1556,6.408,0.66,7.36308
1557,6.408,0.66,7.36308
1558,6.408,0.66,7.36308
1559,6.408,0.66,7.36308
1560,6.408,0.66,7.36308
1561,6.408,0.66,7.36308
1562,6.408,0.66,7.36308
1563,6.408,0.66,7.36308
1564,6.408,0.66,7.36308
1565,6.408,0.66,7.36308
1566,6.408,0.66,7.36308
1567,6.408,0.66,7.36308
1568,6.408,0.66,7.36308
1569,6.408,0.66,7.36308
1570,6.408,0.66,7.36308
1571,6.408,0.66,7.36308
1572,6.408,0.66,7.36308
1573,6.408,0.66,7.36308
1574,6.408,0.66,7.36308
1575,6.408,0.66,7.36308
1576,6.408,0.66,7.36308
1577,6.408,0.66,7.36308
1578,6.408,0.66,7.36308
1579,6.408,0.66,7.36308
1580,6.408,0.66,7.363079999999998
1581,6.408,0.66,7.36308
1582,6.408,0.66,7.36308
1583,6.408,0.66,7.36308
1584,6.4079999999999995,0.66,7.363079999999999
1585,6.408,0.66,7.36308
1586,6.408,0.66,7.36308
1587,6.408,0.66,7.36308
1588,6.408,0.66,7.36308
1589,6.408,0.66,7.36308
1590,6.408,0.66,7.36308
1591,6.408,0.66,7.363079999999998
1592,6.408,0.66,7.36308
1593,6.408,0.66,7.363079999999999
1594,6.408,0.66,7.36308
1595,6.4079999999999995,0.66,7.363079999999999
1596,6.408,0.66,7.36308
1597,6.408,0.66,7.36308
1598,6.408,0.66,7.363079999999998
1599,6.408,0.66,7.36308
1600,6.408,0.66,7.363079999999997
1601,6.408,0.66,7.36308
1602,6.408,0.66,7.36308
1603,6.408,0.66,7.36308
1604,6.408,0.66,7.36308
1605,6.4079999999999995,0.66,7.363079999999998
1606,6.408,0.66,7.36308
1607,6.408,0.66,7.36308
1608,6.408,0.66,7.36308
1609,6.408,0.66,7.36308
1610,6.408,0.66,7.36308
1611,6.408,0.66,7.36308
1612,6.408,0.66,7.36308
1613,6.408,0.66,7.36308
1614,6.408,0.66,7.363079999999997
1615,6.408,0.66,7.36308
1616,6.408,0.66,7.363079999999998
1617,6.408,0.66,7.36308
1618,6.408,0.66,7.363079999999998
1619,6.408,0.66,7.36308
1620,6.408,0.66,7.36308
1621,6.408,0.66,7.36308
1622,6.408,0.66,7.363079999999999
1623,6.408,0.66,7.36308
1624,6.408,0.66,7.36308
1625,6.408,0.66,7.36308
1626,6.408,0.66,7.36308
1627,6.408,0.66,7.36308
1628,6.408,0.66,7.36308
1629,6.408,0.66,7.36308
1630,6.408,0.66,7.36308
1631,6.408,0.66,7.363079999999999
1632,6.408,0.66,7.36308
1633,6.408,0.66,7.36308
1634,6.408,0.66,7.36308
1635,6.408,0.66,7.36308
1636,6.408,0.66,7.36308
1637,6.408,0.66,7.36308
1638,6.408,0.66,7.36308
1639,6.408,0.66,7.36308
1640,6.408,0.66,7.36308
1641,6.408,0.66,7.36308
1642,6.408,0.66,7.36308
1643,6.408,0.66,7.36308
1644,6.408,0.66,7.36308
1645,6.408,0.66,7.363079999999998
1646,6.408,0.66,7.36308
1647,6.408,0.66,7.36308
1648,6.408,0.66,7.36308
1649,6.408,0.66,7.36308
1650,6.408,0.66,7.36308
1651,6.408,0.66,7.36308
1652,6.408,0.66,7.36308
1653,6.408,0.66,7.36308
1654,6.408,0.66,7.36308
1655,6.408,0.66,7.36308
1656,6.408,0.66,7.36308
1657,6.408,0.66,7.36308
1658,6.408,0.66,7.36308
1659,6.408,0.66,7.36308
1660,6.408,0.66,7.36308
1661,6.408,0.66,7.36308
1662,6.408,0.66,7.36308
1663,6.408,0.66,7.36308
1664,6.408,0.66,7.36308
1665,6.408,0.66,7.36308
1666,6.408,0.66,7.36308
1667,6.408,0.66,7.36308
1668,6.408,0.66,7.36308
1669,6.408,0.66,7.36308
1670,6.408,0.66,7.36308
1671,6.408,0.66,7.36308
1672,6.408,0.66,7.36308
1673,6.408,0.66,7.36308
1674,6.408,0.66,7.36308
1675,6.407999999999994,0.66,7.363079999999997
1676,6.408,0.66,7.363079999999999
1677,6.408,0.66,7.363079999999997
1678,6.408,0.66,7.36308
1679,6.408,0.66,7.36308
1680,6.408,0.66,7.363079999999998
1681,6.408,0.66,7.36308
1682,6.408,0.66,7.36308
1683,6.408,0.66,7.36308
1684,6.408,0.66,7.363079999999997
1685,6.408,0.66,7.36308
1686,6.408,0.66,7.36308
1687,6.4079999999999995,0.66,7.363079999999998
1688,6.408,0.66,7.36308
1689,6.408,0.66,7.363079999999998
1690,6.408,0.66,7.36308
1691,6.408,0.66,7.36308
1692,6.408,0.66,7.36308
1693,6.408,0.66,7.36308
1694,6.408,0.66,7.36308
1695,6.408,0.66,7.36308
1696,6.408,0.66,7.36308
1697,6.408,0.66,7.36308
1698,6.408,0.66,7.36308
1699,6.408,0.66,7.363079999999997
1700,6.408,0.66,7.36308
1701,6.408,0.66,7.36308
1702,6.408,0.66,7.36308
1703,6.408,0.66,7.36308
1704,6.408,0.66,7.36308
1705,6.408,0.66,7.36308
1706,6.408,0.66,7.36308
1707,6.408,0.66,7.36308
1708,6.408,0.66,7.36308
1709,6.408,0.66,7.36308
1710,6.408,0.66,7.36308
1711,6.408,0.66,7.36308
1712,6.4079999999999995,0.66,7.363079999999998
1713,6.408,0.66,7.36308
1714,6.408,0.66,7.36308
1715,6.408,0.66,7.36308
1716,6.408,0.66,7.36308
1717,6.408,0.66,7.36308
1718,6.408,0.66,7.36308
1719,6.408,0.66,7.36308
1720,6.408,0.66,7.363079999999998
1721,6.408,0.66,7.36308
1722,6.408,0.66,7.36308
1723,6.408,0.66,7.36308
1724,6.408,0.66,7.36308
1725,6.408,0.66,7.36308
1726,6.408,0.66,7.36308
1727,6.408,0.66,7.36308
1728,6.408,0.66,7.36308
1729,6.408,0.66,7.36308
1730,6.408,0.66,7.36308
1731,6.408,0.66,7.36308
1732,6.408,0.66,7.36308
1733,6.408,0.66,7.36308
1734,6.408,0.66,7.36308
1735,6.408,0.66,7.36308
1736,6.408,0.66,7.36308
1737,6.408,0.66,7.36308
1738,6.408,0.66,7.36308
1739,6.408,0.66,7.36308
1740,6.408,0.66,7.36308
1741,6.408,0.66,7.36308
1742,6.408,0.66,7.363079999999998
1743,6.408,0.66,7.36308
1744,6.408,0.66,7.36308
1745,6.408,0.66,7.36308
1746,6.408,0.66,7.363079999999999
1747,6.408,0.66,7.36308
1748,6.408,0.66,7.36308
1749,6.408,0.66,7.36308
1750,6.408,0.66,7.363079999999997
1751,6.408,0.66,7.36308
1752,6.407999999999995,0.66,7.363079999999997
1753,6.408,0.66,7.36308
1754,6.408,0.66,7.363079999999997
1755,6.408,0.66,7.36308
1756,6.408,0.66,7.36308
1757,6.408,0.66,7.363079999999998
1758,6.408,0.66,7.36308
1759,6.408,0.66,7.36308
1760,6.408,0.66,7.36308
1761,6.408,0.66,7.36308
1762,6.408,0.66,7.36308
1763,6.408,0.66,7.36308
1764,6.408,0.66,7.36308
1765,6.408,0.66,7.36308
1766,6.408,0.66,7.363079999999997
1767,6.408,0.66,7.36308
1768,6.4079999999999995,0.66,7.363079999999999
1769,6.408,0.66,7.363079999999998
1770,6.408,0.66,7.363079999999997
1771,6.408,0.66,7.36308
1772,6.408,0.66,7.36308
1773,6.408,0.66,7.36308
1774,6.408,0.66,7.36308
1775,6.408,0.66,7.36308
1776,6.408,0.66,7.36308
1777,6.408,0.66,7.363079999999998
1778,6.408,0.66,7.36308
1779,6.408,0.66,7.36308
1780,6.408,0.66,7.36308
1781,6.408,0.66,7.363079999999999
1782,6.408,0.66,7.36308
1783,6.408,0.66,7.36308
1784,6.408,0.66,7.36308
1785,6.408,0.66,7.36308
1786,6.408,0.66,7.363079999999997
1787,6.408,0.66,7.36308
1788,6.4079999999999995,0.66,7.363079999999999
1789,6.408,0.66,7.36308
1790,6.408,0.66,7.36308
1791,6.408,0.66,7.36308
1792,6.4079999999999995,0.66,7.363079999999998
1793,6.408,0.66,7.36308
1794,6.408,0.66,7.36308
1795,6.4079999999999995,0.66,7.363079999999999
1796,6.408,0.66,7.36308
1797,6.408,0.66,7.36308
1798,6.408,0.66,7.36308
1799,6.408,0.66,7.36308
1800,6.408,0.66,7.36308
1801,6.408,0.66,7.36308
1802,6.408,0.66,7.363079999999998
1803,6.408,0.66,7.36308
1804,6.408,0.66,7.36308
1805,6.408,0.66,7.36308
1806,6.408,0.66,7.36308
1807,6.408,0.66,7.36308
1808,6.408,0.66,7.36308
1809,6.408,0.66,7.36308
1810,6.430000000000001,0.66,7.3850799999999985
1811,6.606,0.66,7.56108
1812,6.606,0.66,7.56108
1813,6.606,0.66,7.56108
1814,6.605999999999999,0.66,7.56108
1815,6.606,0.66,7.56108
1816,6.606,0.66,7.56108
1817,6.606,0.66,7.56108
1818,6.606,0.66,7.56108
1819,6.606,0.66,7.56108
1820,6.605999999999999,0.66,7.56108
1821,6.606,0.66,7.56108
1822,6.606,0.66,7.56108
1823,6.606,0.66,7.56108
1824,6.606,0.66,7.56108
1825,6.606,0.66,7.56108
1826,6.606,0.66,7.56108
1827,6.606,0.66,7.56108
1828,6.606,0.66,7.56108
1829,6.606,0.66,7.56108
1830,6.605999999999999,0.66,7.56108
1831,6.606,0.66,7.56108
1832,6.606,0.66,7.56108
1833,6.606,0.66,7.56108
1834,6.606,0.66,7.56108
1835,6.606,0.66,7.56108
1836,6.605999999999999,0.66,7.56108
1837,6.606,0.66,7.56108
1838,6.606,0.66,7.56108
1839,6.605999999999999,0.66,7.56108
1840,6.606,0.66,7.56108
1841,6.606,0.66,7.56108
1842,6.606,0.66,7.56108
1843,6.606,0.66,7.56108
1844,6.606,0.66,7.56108
1845,6.606,0.66,7.56108
1846,6.605999999999999,0.66,7.56108
1847,6.606,0.66,7.56108
1848,6.606,0.66,7.56108
1849,6.606,0.66,7.56108
1850,6.606,0.66,7.56108
1851,6.606,0.66,7.56108
1852,6.606,0.66,7.56108
1853,6.605999999999999,0.66,7.56108
1854,6.606,0.66,7.56108
1855,6.606,0.66,7.56108
1856,6.606,0.66,7.56108
1857,6.606000000000001,0.66,7.561079999999999
1858,6.606,0.66,7.56108
1859,6.606,0.66,7.56108
1860,6.606,0.66,7.56108
1861,6.605999999999999,0.66,7.56108
1862,6.606,0.66,7.56108
1863,6.606,0.66,7.56108
1864,6.606,0.66,7.56108
1865,6.606,0.66,7.56108
1866,6.606000000000001,0.66,7.56108
1867,6.606,0.66,7.56108
1868,6.606,0.66,7.56108
1869,6.606,0.66,7.56108
1870,6.606,0.66,7.56108
1871,6.606,0.66,7.56108
1872,6.606,0.66,7.56108
1873,6.606,0.66,7.56108
1874,6.606,0.66,7.56108
1875,6.606,0.66,7.56108
1876,6.605999999999999,0.66,7.56108
1877,6.606,0.66,7.56108
1878,6.606,0.66,7.56108
1879,6.606,0.66,7.56108
1880,6.606,0.66,7.56108
1881,6.606,0.66,7.56108
1882,6.606,0.66,7.56108
1883,6.606,0.66,7.56108
1884,6.606,0.66,7.56108
1885,6.606,0.66,7.56108
1886,6.606,0.66,7.56108
1887,6.606,0.66,7.56108
1888,6.606,0.66,7.56108
1889,6.606,0.66,7.56108
1890,6.606,0.66,7.56108
1891,6.606,0.66,7.56108
1892,6.606,0.66,7.56108
1893,6.606,0.66,7.56108
1894,6.606000000000001,0.66,7.56108
1895,6.606,0.66,7.56108
1896,6.606,0.66,7.56108
1897,6.606,0.66,7.56108
1898,6.605999999999999,0.66,7.5610800000000005
1899,6.606,0.66,7.56108
1900,6.606000000000001,0.66,7.56108
1901,6.606,0.66,7.56108
1902,6.606,0.66,7.56108
1903,6.606,0.66,7.56108
1904,6.606,0.66,7.56108
1905,6.606,0.66,7.56108
1906,6.606,0.66,7.56108
1907,6.606,0.66,7.56108
1908,6.606,0.66,7.56108
1909,6.606,0.66,7.56108
1910,6.606,0.66,7.56108
1911,6.606,0.66,7.5610800000000005
1912,6.606,0.66,7.56108
1913,6.606,0.66,7.56108
1914,6.606,0.66,7.56108
1915,6.606,0.66,7.56108
1916,6.606,0.66,7.56108
1917,6.606,0.66,7.56108
1918,6.606,0.66,7.56108
1919,6.606,0.66,7.56108
1920,6.606,0.66,7.56108
1921,6.606,0.66,7.56108
1922,6.605999999999999,0.66,7.56108
1923,6.606,0.66,7.56108
1924,6.606,0.66,7.56108
1925,6.606,0.66,7.56108
1926,6.606,0.66,7.56108
1927,6.606,0.66,7.56108
1928,6.606,0.66,7.56108
1929,6.606,0.66,7.56108
1930,6.606,0.66,7.56108
1931,6.606,0.66,7.56108
1932,6.606,0.66,7.56108
1933,6.606,0.66,7.56108
1934,6.606,0.66,7.56108
1935,6.606,0.66,7.56108
1936,6.606,0.66,7.56108
1937,6.606,0.66,7.56108
1938,6.606,0.66,7.56108
1939,6.606,0.66,7.56108
1940,6.606,0.66,7.56108
1941,6.606,0.66,7.56108
1942,6.606000000000001,0.66,7.56108
1943,6.606,0.66,7.56108
1944,6.606,0.66,7.56108
1945,6.606,0.66,7.56108
1946,6.606,0.66,7.56108
1947,6.606,0.66,7.56108
1948,6.606,0.66,7.56108
1949,6.605999999999999,0.66,7.56108
1950,6.606,0.66,7.56108
1951,6.606,0.66,7.56108
1952,6.606,0.66,7.56108
1953,6.606,0.66,7.56108
1954,6.606,0.66,7.56108
1955,6.606,0.66,7.56108
1956,6.606,0.66,7.56108
1957,6.606,0.66,7.56108
1958,6.606,0.66,7.56108
1959,6.606,0.66,7.56108
1960,6.606,0.66,7.56108
1961,6.605999999999999,0.66,7.56108
1962,6.606,0.66,7.56108
1963,6.605999999999999,0.66,7.56108
1964,6.606,0.66,7.56108
1965,6.606,0.66,7.56108
1966,6.606,0.66,7.56108
1967,6.606,0.66,7.56108
1968,6.606000000000001,0.66,7.561079999999999
1969,6.606,0.66,7.56108
1970,6.606,0.66,7.56108
1971,6.606000000000001,0.66,7.561079999999999
1972,6.606,0.66,7.56108
1973,6.606,0.66,7.56108
1974,6.605999999999999,0.66,7.56108
1975,6.606,0.66,7.56108
1976,6.606000000000001,0.66,7.56108
1977,6.606,0.66,7.56108
1978,6.606,0.66,7.56108
1979,6.606,0.66,7.56108
1980,6.606,0.66,7.56108
1981,6.606,0.66,7.56108
1982,6.606,0.66,7.56108
1983,6.606,0.66,7.56108
1984,6.606,0.66,7.56108
1985,6.606,0.66,7.56108
1986,6.606,0.66,7.56108
1987,6.606,0.66,7.56108
1988,6.606,0.66,7.56108
1989,6.605999999999999,0.66,7.56108
1990,6.606,0.66,7.56108
1991,6.606,0.66,7.56108
1992,6.606,0.66,7.56108
1993,6.606,0.66,7.56108
1994,6.606,0.66,7.56108
1995,6.606,0.66,7.56108
1996,6.606,0.66,7.56108
1997,6.606,0.66,7.56108
1998,6.606,0.66,7.56108
1999,6.606000000000001,0.66,7.56108
2000,6.606,0.66,7.56108
2001,6.606,0.66,7.56108
2002,6.606,0.66,7.56108
2003,6.606,0.66,7.56108
2004,6.606,0.66,7.56108
2005,6.606,0.66,7.56108
2006,6.606,0.66,7.56108
2007,6.606000000000001,0.66,7.56108
2008,6.606,0.66,7.56108
2009,6.606,0.66,7.56108
2010,6.606,0.66,7.56108
2011,6.606,0.66,7.56108
2012,6.606,0.66,7.56108
2013,6.606,0.66,7.56108
2014,6.606,0.66,7.56108
2015,6.606,0.66,7.56108
2016,6.606,0.66,7.56108
2017,6.606,0.66,7.56108
2018,6.606,0.66,7.56108
2019,6.606,0.66,7.56108
2020,6.606000000000001,0.66,7.56108
2021,6.606,0.66,7.56108
2022,6.606,0.66,7.56108
2023,6.606,0.66,7.56108
2024,6.606,0.66,7.56108
2025,6.606,0.66,7.56108
2026,6.606,0.66,7.56108
2027,6.606,0.66,7.56108
2028,6.606,0.66,7.56108
2029,6.606,0.66,7.56108
2030,6.606,0.66,7.56108
2031,6.606,0.66,7.56108
2032,6.606,0.66,7.56108
2033,6.606,0.66,7.56108
2034,6.606,0.66,7.56108
2035,6.606,0.66,7.56108
2036,6.606000000000001,0.66,7.56108
2037,6.606,0.66,7.56108
2038,6.606,0.66,7.56108
2039,6.606,0.66,7.56108
2040,6.606,0.66,7.56108
2041,6.606000000000001,0.66,7.561079999999999
2042,6.606,0.66,7.56108
2043,6.606,0.66,7.56108
2044,6.606,0.66,7.56108
2045,6.606,0.66,7.56108
2046,6.606,0.66,7.56108
2047,6.606000000000001,0.66,7.56108
2048,6.606,0.66,7.56108
2049,6.606,0.66,7.56108
2050,6.606,0.66,7.56108
2051,6.606,0.66,7.56108
2052,6.606,0.66,7.56108
2053,6.606,0.66,7.56108
2054,6.606,0.66,7.56108
2055,6.606,0.66,7.56108
2056,6.606,0.66,7.56108
2057,6.606,0.66,7.56108
2058,6.606,0.66,7.56108
2059,6.606,0.66,7.56108
2060,6.605999999999999,0.66,7.56108
2061,6.606,0.66,7.56108
2062,6.606,0.66,7.56108
2063,6.606,0.66,7.56108
2064,6.606,0.66,7.56108
2065,6.606,0.66,7.56108
2066,6.606,0.66,7.56108
2067,6.606,0.66,7.56108
2068,6.606,0.66,7.56108
2069,6.606,0.66,7.56108
2070,6.605999999999999,0.66,7.56108
2071,6.606,0.66,7.56108
2072,6.606,0.66,7.56108
2073,6.606,0.66,7.56108
2074,6.606,0.66,7.56108
2075,6.605999999999999,0.66,7.56108
2076,6.606000000000001,0.66,7.561079999999999
2077,6.606,0.66,7.56108
2078,6.606,0.66,7.56108
2079,6.606,0.66,7.56108
2080,6.606,0.66,7.56108
2081,6.606,0.66,7.56108
2082,6.606,0.66,7.56108
2083,6.606,0.66,7.56108
2084,6.606,0.66,7.56108
2085,6.606,0.66,7.56108
2086,6.606,0.66,7.56108
2087,6.606000000000001,0.66,7.56108
2088,6.606,0.66,7.56108
2089,6.606,0.66,7.56108
2090,6.605999999999999,0.66,7.561080000000001
2091,6.606,0.66,7.56108
2092,6.606000000000001,0.66,7.56108
2093,6.606,0.66,7.56108
2094,6.606,0.66,7.56108
2095,6.606,0.66,7.56108
2096,6.606,0.66,7.56108
2097,6.606,0.66,7.56108
2098,6.606,0.66,7.56108
2099,6.606,0.66,7.56108
2100,6.606,0.66,7.56108
2101,6.606,0.66,7.56108
2102,6.606,0.66,7.56108
2103,6.606,0.66,7.56108
2104,6.606,0.66,7.56108
2105,6.606,0.66,7.56108
2106,6.606000000000001,0.66,7.561079999999999
2107,6.606,0.66,7.56108
2108,6.606,0.66,7.56108
2109,6.606,0.66,7.56108
2110,6.606,0.66,7.56108
2111,6.606,0.66,7.56108
2112,6.606,0.66,7.56108
2113,6.606,0.66,7.56108
2114,6.606,0.66,7.56108
2115,6.606,0.66,7.56108
2116,6.606,0.66,7.56108
2117,6.606,0.66,7.56108
2118,6.606,0.66,7.56108
2119,6.606,0.66,7.56108
2120,6.606,0.66,7.56108
2121,6.605999999999999,0.66,7.56108
2122,6.606,0.66,7.56108
2123,6.606,0.66,7.56108
2124,6.606,0.66,7.56108
2125,6.606,0.66,7.56108
2126,6.606,0.66,7.56108
2127,6.606,0.66,7.56108
2128,6.606,0.66,7.56108
2129,6.605999999999999,0.66,7.56108
2130,6.606,0.66,7.56108
2131,6.606,0.66,7.56108
2132,6.606,0.66,7.56108
2133,6.606,0.66,7.56108
2134,6.606,0.66,7.56108
2135,6.606,0.66,7.56108
2136,6.606,0.66,7.56108
2137,6.606,0.66,7.56108
2138,6.606,0.66,7.56108
2139,6.606,0.66,7.56108
2140,6.605999999999999,0.66,7.56108
2141,6.606,0.66,7.56108
2142,6.606,0.66,7.56108
2143,6.606,0.66,7.56108
2144,6.606,0.66,7.56108
2145,6.606,0.66,7.56108
2146,6.606,0.66,7.56108
2147,6.606,0.66,7.56108
2148,6.606,0.66,7.56108
2149,6.606,0.66,7.56108
2150,6.606,0.66,7.56108
2151,6.606,0.66,7.56108
2152,6.606,0.66,7.56108
2153,6.606,0.66,7.56108
2154,6.606,0.66,7.56108
2155,6.606,0.66,7.56108
2156,6.606,0.66,7.56108
2157,6.606,0.66,7.56108
2158,6.606,0.66,7.56108
2159,6.605999999999999,0.66,7.56108
2160,6.606,0.66,7.56108
2161,6.606,0.66,7.56108
2162,6.606,0.66,7.56108
2163,6.606,0.66,7.56108
2164,6.606,0.66,7.56108
2165,6.606,0.66,7.56108
2166,6.606,0.66,7.56108
2167,6.606,0.66,7.56108
2168,6.606,0.66,7.56108
2169,6.606,0.66,7.56108
2170,6.606,0.66,7.56108
2171,6.606,0.66,7.56108
2172,6.606,0.66,7.56108
2173,6.606,0.66,7.56108
2174,6.606,0.66,7.56108
2175,6.606,0.66,7.56108
2176,6.606,0.66,7.56108
2177,6.606,0.66,7.56108
2178,6.606,0.66,7.56108
2179,6.606,0.66,7.56108
2180,6.606,0.66,7.56108
2181,6.606,0.66,7.56108
2182,6.606,0.66,7.56108
2183,6.606,0.66,7.56108
2184,6.606,0.66,7.56108
2185,6.606,0.66,7.56108
2186,6.606,0.66,7.56108
2187,6.606,0.66,7.56108
2188,6.605999999999999,0.66,7.56108
2189,6.606,0.66,7.56108
2190,6.606000000000001,0.66,7.561079999999999
2191,6.606,0.66,7.56108
2192,6.606,0.66,7.56108
2193,6.606,0.66,7.56108
2194,6.606,0.66,7.56108
2195,6.606,0.66,7.56108
2196,6.605999999999999,0.66,7.56108
2197,6.606,0.66,7.56108
2198,6.606,0.66,7.56108
2199,6.606,0.66,7.56108
2200,6.606,0.66,7.56108
2201,6.606,0.66,7.56108
2202,6.606,0.66,7.56108
2203,6.606,0.66,7.56108
2204,6.606,0.66,7.56108
2205,6.606,0.66,7.56108
2206,6.606,0.66,7.56108
2207,6.606,0.66,7.56108
2208,6.606,0.66,7.56108
2209,6.606,0.66,7.56108
2210,6.606,0.66,7.56108
2211,6.605999999999999,0.66,7.56108
2212,6.606,0.66,7.56108
2213,6.606,0.66,7.56108
2214,6.606,0.66,7.56108
2215,6.606,0.66,7.56108
2216,6.606,0.66,7.56108
2217,6.606,0.66,7.56108
2218,6.606,0.66,7.56108
2219,6.606,0.66,7.56108
2220,6.606,0.66,7.56108
2221,6.606,0.66,7.56108
2222,6.801,0.66,7.75608
2223,6.801,0.66,7.75608
2224,6.801,0.66,7.75608
2225,6.801,0.66,7.75608
2226,6.801,0.66,7.75608
2227,6.801,0.66,7.75608
2228,6.801,0.66,7.75608
2229,6.801,0.66,7.75608
2230,6.800999999999999,0.66,7.75608
2231,6.801,0.66,7.75608
2232,6.801,0.66,7.75608
2233,6.801,0.66,7.75608
2234,6.801,0.66,7.75608
2235,6.801,0.66,7.75608
2236,6.800999999999999,0.66,7.75608
2237,6.801,0.66,7.75608
2238,6.801,0.66,7.75608
2239,6.801,0.66,7.75608
2240,6.801,0.66,7.75608
2241,6.801,0.66,7.75608
2242,6.801,0.66,7.75608
2243,6.801,0.66,7.75608
2244,6.801,0.66,7.75608
2245,6.801,0.66,7.75608
2246,6.801,0.66,7.75608
2247,6.801,0.66,7.75608
2248,6.801,0.66,7.75608
2249,6.801,0.66,7.75608
2250,6.801,0.66,7.75608
2251,6.801,0.66,7.75608
2252,6.801,0.66,7.75608
2253,6.801,0.66,7.75608
2254,6.801,0.66,7.75608
2255,6.801,0.66,7.75608
2256,6.801,0.66,7.75608
2257,6.801,0.66,7.75608
2258,6.801,0.66,7.75608
2259,6.801,0.66,7.75608
2260,6.801,0.66,7.75608
2261,6.801,0.66,7.75608
2262,6.801,0.66,7.75608
2263,6.800999999999999,0.66,7.75608
2264,6.801,0.66,7.75608
2265,6.801,0.66,7.75608
2266,6.801,0.66,7.75608
2267,6.801,0.66,7.75608
2268,6.801,0.66,7.75608
2269,6.800999999999999,0.66,7.75608
2270,6.801,0.66,7.75608
2271,6.801,0.66,7.75608
2272,6.800999999999999,0.66,7.75608
2273,6.801,0.66,7.75608
2274,6.801,0.66,7.75608
2275,6.801,0.66,7.75608
2276,6.801,0.66,7.75608
2277,6.801,0.66,7.75608
2278,6.801,0.66,7.75608
2279,6.800999999999999,0.66,7.75608
2280,6.801,0.66,7.75608
2281,6.801,0.66,7.75608
2282,6.801,0.66,7.75608
2283,6.801,0.66,7.75608
2284,6.801,0.66,7.75608
2285,6.801,0.66,7.75608
2286,6.801,0.66,7.75608
2287,6.801000000000001,0.66,7.756079999999999
2288,6.801,0.66,7.75608
2289,6.801,0.66,7.75608
2290,6.801,0.66,7.75608
2291,6.801,0.66,7.75608
2292,6.800999999999999,0.66,7.75608
2293,6.801,0.66,7.75608
2294,6.801,0.66,7.75608
2295,6.801,0.66,7.75608
2296,6.801,0.66,7.75608
2297,6.801,0.66,7.75608
2298,6.801,0.66,7.75608
2299,6.801,0.66,7.75608
2300,6.801,0.66,7.75608
2301,6.801,0.66,7.75608
2302,6.801,0.66,7.75608
2303,6.801,0.66,7.75608
2304,6.801,0.66,7.75608
2305,6.801,0.66,7.75608
2306,6.801,0.66,7.75608
2307,6.801,0.66,7.75608
2308,6.801,0.66,7.75608
2309,6.801,0.66,7.75608
2310,6.801,0.66,7.75608
2311,6.801,0.66,7.75608
2312,6.801,0.66,7.75608
2313,6.801,0.66,7.75608
2314,6.801,0.66,7.75608
2315,6.801,0.66,7.75608
2316,6.801,0.66,7.75608
2317,6.801,0.66,7.75608
2318,6.801,0.66,7.75608
2319,6.801,0.66,7.75608
2320,6.801,0.66,7.75608
2321,6.801,0.66,7.75608
2322,6.801,0.66,7.75608
2323,6.801,0.66,7.75608
2324,6.801,0.66,7.75608
2325,6.801,0.66,7.75608
2326,6.800999999999999,0.66,7.75608
2327,6.801,0.66,7.75608
2328,6.801,0.66,7.75608
2329,6.801,0.66,7.75608
2330,6.801,0.66,7.75608
2331,6.801,0.66,7.75608
2332,6.801,0.66,7.75608
2333,6.801,0.66,7.75608
2334,6.801,0.66,7.75608
2335,6.801,0.66,7.75608
2336,6.801,0.66,7.75608
2337,6.801,0.66,7.75608
2338,6.801,0.66,7.75608
2339,6.801,0.66,7.75608
2340,6.801,0.66,7.75608
2341,6.801,0.66,7.75608
2342,6.801000000000001,0.66,7.756079999999999
2343,6.801,0.66,7.75608
2344,6.801,0.66,7.75608
2345,6.801,0.66,7.75608
2346,6.801,0.66,7.75608
2347,6.800999999999999,0.66,7.75608
2348,6.801,0.66,7.75608
2349,6.801,0.66,7.75608
2350,6.801,0.66,7.75608
2351,6.801,0.66,7.75608
2352,6.801,0.66,7.75608
2353,6.801,0.66,7.75608
2354,6.801,0.66,7.75608
2355,6.801,0.66,7.75608
2356,6.801,0.66,7.75608
2357,6.801,0.66,7.75608
2358,6.801,0.66,7.75608
2359,6.801,0.66,7.75608
2360,6.801,0.66,7.75608
2361,6.801,0.66,7.75608
2362,6.800999999999999,0.66,7.75608
2363,6.801,0.66,7.75608
2364,6.801,0.66,7.75608
2365,6.801000000000001,0.66,7.756079999999999
2366,6.801,0.66,7.75608
2367,6.800999999999999,0.66,7.75608
2368,6.801,0.66,7.75608
2369,6.801,0.66,7.75608
2370,6.801,0.66,7.75608
2371,6.801,0.66,7.75608
2372,6.801,0.66,7.75608
2373,6.801,0.66,7.75608
2374,6.801,0.66,7.75608
2375,6.801,0.66,7.75608
2376,6.801,0.66,7.75608
2377,6.801,0.66,7.75608
2378,6.801,0.66,7.75608
2379,6.801,0.66,7.75608
2380,6.801,0.66,7.75608
2381,6.801,0.66,7.75608
2382,6.800999999999999,0.66,7.75608
2383,6.801,0.66,7.75608
2384,6.801,0.66,7.75608
2385,6.801000000000001,0.66,7.756079999999999
2386,6.801,0.66,7.75608
2387,6.801,0.66,7.75608
2388,6.801,0.66,7.75608
2389,6.801,0.66,7.75608
2390,6.801,0.66,7.75608
2391,6.801,0.66,7.75608
2392,6.801,0.66,7.75608
2393,6.800999999999999,0.66,7.75608
2394,6.801,0.66,7.75608
2395,6.801,0.66,7.75608
2396,6.801,0.66,7.75608
2397,6.801,0.66,7.75608
2398,6.801,0.66,7.75608
2399,6.801,0.66,7.75608
2400,6.801,0.66,7.75608
2401,6.801,0.66,7.75608
2402,6.801,0.66,7.75608
2403,6.801,0.66,7.75608
2404,6.801,0.66,7.75608
2405,6.801,0.66,7.75608
2406,6.801,0.66,7.75608
2407,6.801,0.66,7.75608
2408,6.801,0.66,7.75608
2409,6.801,0.66,7.75608
2410,6.800999999999999,0.66,7.75608
2411,6.801,0.66,7.75608
2412,6.801,0.66,7.75608
2413,6.801,0.66,7.75608
2414,6.801,0.66,7.75608
2415,6.801,0.66,7.75608
2416,6.801,0.66,7.75608
2417,6.801,0.66,7.75608
2418,6.801,0.66,7.75608
2419,6.801,0.66,7.75608
2420,6.801,0.66,7.75608
2421,6.801,0.66,7.75608
2422,6.801,0.66,7.75608
2423,6.801,0.66,7.75608
2424,6.801,0.66,7.75608
2425,6.801,0.66,7.75608
2426,6.801,0.66,7.75608
2427,6.800999999999999,0.66,7.75608
2428,6.801,0.66,7.75608
2429,6.800999999999999,0.66,7.75608
2430,6.801,0.66,7.75608
2431,6.801,0.66,7.75608
2432,6.801,0.66,7.75608
2433,6.801,0.66,7.75608
2434,6.801,0.66,7.75608
2435,6.801,0.66,7.75608
2436,6.800999999999999,0.66,7.75608
2437,6.801,0.66,7.75608
2438,6.801,0.66,7.75608
2439,6.801,0.66,7.75608
2440,6.801,0.66,7.75608
2441,6.801,0.66,7.75608
2442,6.800999999999999,0.66,7.75608
2443,6.801,0.66,7.75608
2444,6.801000000000001,0.66,7.756079999999999
2445,6.801,0.66,7.75608
2446,6.801,0.66,7.75608
2447,6.801,0.66,7.75608
2448,6.801000000000001,0.66,7.75608
2449,6.801,0.66,7.75608
2450,6.801,0.66,7.75608
2451,6.801,0.66,7.75608
2452,6.801,0.66,7.75608
2453,6.801,0.66,7.75608
2454,6.801,0.66,7.75608
2455,6.801,0.66,7.75608
2456,6.801,0.66,7.75608
2457,6.801,0.66,7.75608
2458,6.801,0.66,7.75608
2459,6.801,0.66,7.75608
2460,6.801,0.66,7.75608
2461,6.801,0.66,7.75608
2462,6.801,0.66,7.75608
2463,6.801,0.66,7.75608
2464,6.801,0.66,7.75608
2465,6.801,0.66,7.75608
2466,6.801,0.66,7.75608
2467,6.801,0.66,7.75608
2468,6.801,0.66,7.75608
2469,6.801,0.66,7.75608
2470,6.800999999999999,0.66,7.75608
2471,6.801,0.66,7.75608
2472,6.801,0.66,7.75608
2473,6.801,0.66,7.75608
2474,6.800999999999999,0.66,7.75608
2475,6.801,0.66,7.75608
2476,6.801,0.66,7.75608
2477,6.801,0.66,7.75608
2478,6.801,0.66,7.75608
2479,6.801,0.66,7.75608
2480,6.801,0.66,7.75608
2481,6.801,0.66,7.75608
2482,6.801,0.66,7.75608
2483,6.801,0.66,7.75608
2484,6.801,0.66,7.75608
2485,6.801,0.66,7.75608
2486,6.801,0.66,7.75608
2487,6.801,0.66,7.75608
2488,6.801,0.66,7.75608
2489,6.801,0.66,7.75608
2490,6.801,0.66,7.75608
2491,6.801,0.66,7.75608
2492,6.801,0.66,7.75608
2493,6.801,0.66,7.75608
2494,6.801,0.66,7.75608
2495,6.801000000000001,0.66,7.756079999999999
2496,6.801,0.66,7.75608
2497,6.801,0.66,7.75608
2498,6.801,0.66,7.75608
2499,6.801,0.66,7.75608
2500,6.801,0.66,7.75608
2501,6.801,0.66,7.75608
2502,6.800999999999999,0.66,7.75608
2503,6.801,0.66,7.75608
2504,6.801,0.66,7.75608
2505,6.801,0.66,7.75608
2506,6.801,0.66,7.75608
2507,6.801,0.66,7.75608
2508,6.800999999999999,0.66,7.75608
2509,6.801,0.66,7.75608
2510,6.801,0.66,7.75608
2511,6.801,0.66,7.75608
2512,6.801,0.66,7.75608
2513,6.801,0.66,7.75608
2514,6.800999999999999,0.66,7.75608
2515,6.801,0.66,7.75608
2516,6.801000000000001,0.66,7.756079999999999
2517,6.801,0.66,7.75608
2518,6.801,0.66,7.75608
2519,6.801,0.66,7.75608
2520,6.801,0.66,7.75608
2521,6.801,0.66,7.75608
2522,6.801,0.66,7.75608
2523,6.801,0.66,7.75608
2524,6.801,0.66,7.75608
2525,6.801,0.66,7.75608
2526,6.801,0.66,7.75608
2527,6.801,0.66,7.75608
2528,6.801000000000001,0.66,7.756079999999999
2529,6.801,0.66,7.75608
2530,6.801,0.66,7.75608
2531,6.801,0.66,7.75608
2532,6.801,0.66,7.75608
2533,6.801,0.66,7.75608
2534,6.800999999999999,0.66,7.75608
2535,6.801,0.66,7.75608
2536,6.801,0.66,7.75608
2537,6.801,0.66,7.75608
2538,6.800999999999999,0.66,7.75608
2539,6.801,0.66,7.75608
2540,6.801,0.66,7.75608
2541,6.801,0.66,7.75608
2542,6.801000000000001,0.66,7.75608
2543,6.801,0.66,7.75608
2544,6.801,0.66,7.75608
2545,6.801,0.66,7.75608
2546,6.801,0.66,7.75608
2547,6.801,0.66,7.75608
2548,6.801,0.66,7.75608
2549,6.801,0.66,7.75608
2550,6.801,0.66,7.75608
2551,6.801,0.66,7.75608
2552,6.801,0.66,7.75608
2553,6.801,0.66,7.75608
2554,6.801,0.66,7.75608
2555,6.801,0.66,7.75608
2556,6.801,0.66,7.75608
2557,6.801,0.66,7.75608
2558,6.801,0.66,7.75608
2559,6.801,0.66,7.75608
2560,6.801,0.66,7.75608
2561,6.801,0.66,7.75608
2562,6.801,0.66,7.75608
2563,6.801,0.66,7.75608
2564,6.801000000000001,0.66,7.75608
2565,6.801,0.66,7.75608
2566,6.801,0.66,7.75608
2567,6.801,0.66,7.75608
2568,6.801,0.66,7.75608
2569,6.801,0.66,7.75608
2570,6.801,0.66,7.75608
2571,6.801,0.66,7.75608
2572,6.801,0.66,7.75608
2573,6.801,0.66,7.75608
2574,6.801,0.66,7.75608
2575,6.801,0.66,7.75608
2576,6.801,0.66,7.75608
2577,6.801,0.66,7.75608
2578,6.801,0.66,7.75608
2579,6.801,0.66,7.75608
2580,6.801,0.66,7.75608
2581,6.801,0.66,7.75608
2582,6.800999999999999,0.66,7.75608
2583,6.801,0.66,7.75608
2584,6.801,0.66,7.75608
2585,6.801,0.66,7.75608
2586,6.801,0.66,7.75608
2587,6.801,0.66,7.75608
2588,6.801,0.66,7.75608
2589,6.801,0.66,7.75608
2590,6.801,0.66,7.75608
2591,6.800999999999999,0.66,7.75608
2592,6.801,0.66,7.75608
2593,6.801,0.66,7.75608
2594,6.801,0.66,7.75608
2595,6.801,0.66,7.75608
2596,6.801,0.66,7.75608
2597,6.801,0.66,7.75608
2598,6.801,0.66,7.75608
2599,6.801,0.66,7.75608
2600,6.801,0.66,7.75608
2601,6.801,0.66,7.75608
2602,6.801,0.66,7.75608
2603,6.801,0.66,7.75608
2604,6.801,0.66,7.75608
2605,6.801,0.66,7.75608
2606,6.801,0.66,7.75608
2607,6.801,0.66,7.75608
2608,6.801,0.66,7.75608
2609,6.801,0.66,7.75608
2610,6.801,0.66,7.75608
2611,6.801,0.66,7.75608
2612,6.801,0.66,7.75608
2613,6.801,0.66,7.75608
2614,6.801,0.66,7.75608
2615,6.801,0.66,7.75608
2616,6.801,0.66,7.75608
2617,6.801,0.66,7.75608
2618,6.801,0.66,7.75608
2619,6.801,0.66,7.75608
2620,6.801,0.66,7.75608
2621,6.801,0.66,7.75608
2622,6.801,0.66,7.75608
2623,6.801,0.66,7.75608
2624,6.801,0.66,7.75608
2625,6.800999999999999,0.66,7.75608
2626,6.801,0.66,7.75608
2627,6.801,0.66,7.75608
2628,6.801,0.66,7.75608
2629,6.801,0.66,7.75608
2630,6.801,0.66,7.75608
2631,6.801,0.66,7.75608
2632,6.800999999999999,0.66,7.75608
2633,6.801,0.66,7.75608
2634,6.801,0.66,7.75608
2635,6.801,0.66,7.75608
2636,6.801,0.66,7.75608
2637,6.801,0.66,7.75608
2638,6.801,0.66,7.75608
2639,6.801,0.66,7.75608
2640,6.801,0.66,7.75608
2641,6.801,0.66,7.75608
2642,6.801,0.66,7.75608
2643,6.801,0.66,7.75608
2644,6.801,0.66,7.75608
2645,6.801,0.66,7.75608
2646,6.801,0.66,7.75608
2647,6.801,0.66,7.75608
2648,6.801,0.66,7.75608
2649,6.801,0.66,7.75608
2650,6.800999999999999,0.66,7.75608
2651,6.801,0.66,7.75608
2652,6.801,0.66,7.75608
2653,6.801,0.66,7.75608
2654,6.801,0.66,7.75608
2655,6.801,0.66,7.75608
2656,6.801,0.66,7.75608
2657,6.801000000000001,0.66,7.75608
2658,6.801,0.66,7.75608
2659,6.801,0.66,7.75608
2660,6.801,0.66,7.75608
2661,6.801,0.66,7.75608
2662,6.800999999999999,0.66,7.75608
2663,6.801,0.66,7.75608
2664,6.801000000000001,0.66,7.756079999999999
2665,6.801,0.66,7.75608
2666,6.801,0.66,7.75608
2667,6.801,0.66,7.75608
2668,6.801,0.66,7.75608
2669,6.801,0.66,7.75608
2670,6.801,0.66,7.75608
2671,6.801,0.66,7.75608
2672,6.801,0.66,7.75608
2673,6.801,0.66,7.75608
2674,6.800999999999999,0.66,7.75608
2675,6.801,0.66,7.75608
2676,6.801000000000001,0.66,7.756079999999999
2677,6.801,0.66,7.75608
2678,6.801,0.66,7.75608
2679,6.801,0.66,7.75608
2680,6.801,0.66,7.75608
2681,6.801,0.66,7.75608
2682,6.801,0.66,7.75608
2683,6.801,0.66,7.75608
2684,6.801,0.66,7.75608
2685,6.801,0.66,7.75608
2686,6.801,0.66,7.75608
2687,6.801,0.66,7.75608
2688,6.877,0.66,7.83208
2689,6.877,0.66,7.83208
2690,6.877,0.66,7.83208
2691,6.877,0.66,7.83208
2692,6.877,0.66,7.83208
2693,6.877,0.66,7.83208
2694,6.877,0.66,7.83208
2695,6.877,0.66,7.83208
2696,6.877,0.66,7.83208
2697,6.877,0.66,7.83208
2698,6.877,0.66,7.83208
2699,6.877,0.66,7.83208
2700,6.877,0.66,7.83208
2701,6.877,0.66,7.83208
2702,6.877,0.66,7.83208
2703,6.877,0.66,7.83208
2704,6.877,0.66,7.83208
2705,6.877,0.66,7.83208
2706,6.877,0.66,7.83208
2707,6.877,0.66,7.83208
2708,6.877,0.66,7.83208
2709,6.877,0.66,7.83208
2710,6.877,0.66,7.83208
2711,6.877,0.66,7.83208
2712,6.877,0.66,7.83208
2713,6.877,0.66,7.83208
2714,6.877,0.66,7.83208
2715,6.877,0.66,7.83208
2716,6.877000000000001,0.66,7.8320799999999995
2717,6.877,0.66,7.83208
2718,6.877,0.66,7.83208
2719,6.877,0.66,7.83208
2720,6.877,0.66,7.83208
2721,6.877,0.66,7.83208
2722,6.877,0.66,7.83208
2723,6.877,0.66,7.83208
2724,6.877,0.66,7.83208
2725,6.877,0.66,7.83208
2726,6.877,0.66,7.83208
2727,6.877,0.66,7.83208
2728,6.877,0.66,7.83208
2729,6.877,0.66,7.83208
2730,6.877,0.66,7.83208
2731,6.877,0.66,7.83208
2732,6.877,0.66,7.83208
2733,6.877,0.66,7.83208
2734,6.877,0.66,7.83208
2735,6.877,0.66,7.83208
2736,6.877,0.66,7.83208
2737,6.877,0.66,7.83208
2738,6.877,0.66,7.83208
2739,6.877,0.66,7.83208
2740,6.877,0.66,7.83208
2741,6.877,0.66,7.83208
2742,6.877,0.66,7.83208
2743,6.877,0.66,7.83208
2744,6.877,0.66,7.83208
2745,6.877,0.66,7.83208
2746,6.877,0.66,7.83208
2747,6.877,0.66,7.83208
2748,6.877,0.66,7.83208
2749,6.877,0.66,7.83208
2750,6.877,0.66,7.83208
2751,6.877,0.66,7.83208
2752,6.877,0.66,7.83208
2753,6.877,0.66,7.83208
2754,6.877,0.66,7.83208
2755,6.877,0.66,7.83208
2756,6.877,0.66,7.83208
2757,6.877,0.66,7.83208
2758,6.877,0.66,7.83208
2759,6.877,0.66,7.83208
2760,6.877,0.66,7.83208
2761,6.877,0.66,7.83208
2762,6.877,0.66,7.83208
2763,6.877,0.66,7.83208
2764,6.877,0.66,7.83208
2765,6.877,0.66,7.83208
2766,6.877,0.66,7.83208
2767,6.877,0.66,7.83208
2768,6.877,0.66,7.83208
2769,6.877,0.66,7.83208
2770,6.877,0.66,7.83208
2771,6.877,0.66,7.83208
2772,6.877,0.66,7.83208
2773,6.877,0.66,7.83208
2774,6.877,0.66,7.83208
2775,6.877,0.66,7.83208
2776,6.877,0.66,7.83208
2777,6.877,0.66,7.83208
2778,6.877,0.66,7.83208
2779,6.877,0.66,7.83208
2780,6.877,0.66,7.83208
2781,6.877,0.66,7.83208
2782,6.877,0.66,7.83208
2783,6.877,0.66,7.83208
2784,6.877,0.66,7.83208
2785,6.877,0.66,7.83208
2786,6.877,0.66,7.83208
2787,6.877,0.66,7.83208
2788,6.877,0.66,7.83208
2789,6.877,0.66,7.83208
2790,6.877,0.66,7.83208
2791,6.877,0.66,7.83208
2792,6.877,0.66,7.83208
2793,6.877,0.66,7.83208
2794,6.877,0.66,7.83208
2795,6.877,0.66,7.83208
2796,6.877,0.66,7.83208
2797,6.877,0.66,7.83208
2798,6.877,0.66,7.83208
2799,6.877,0.66,7.83208
2800,6.877,0.66,7.83208
2801,6.877,0.66,7.83208
2802,6.877,0.66,7.83208
2803,6.877,0.66,7.83208
2804,6.877,0.66,7.83208
2805,6.877,0.66,7.83208
2806,6.877,0.66,7.83208
2807,6.877,0.66,7.83208
2808,6.877,0.66,7.83208
2809,6.877,0.66,7.83208
2810,6.877000000000001,0.66,7.8320799999999995
2811,6.877,0.66,7.83208
2812,6.877,0.66,7.83208
2813,6.877,0.66,7.83208
2814,6.877,0.66,7.83208
2815,6.877,0.66,7.83208
2816,6.877,0.66,7.83208
2817,6.877,0.66,7.83208
2818,6.877,0.66,7.83208
2819,6.877,0.66,7.83208
2820,6.877,0.66,7.83208
2821,6.877,0.66,7.83208
2822,6.877,0.66,7.83208
2823,6.877,0.66,7.83208
2824,6.877,0.66,7.83208
2825,6.877,0.66,7.83208
2826,6.877,0.66,7.83208
2827,6.877,0.66,7.83208
2828,6.877,0.66,7.83208
2829,6.877,0.66,7.83208
2830,6.877,0.66,7.83208
2831,6.877,0.66,7.83208
2832,6.877,0.66,7.83208
2833,6.877,0.66,7.83208
2834,6.877,0.66,7.83208
2835,6.877,0.66,7.83208
2836,6.877,0.66,7.83208
2837,6.877,0.66,7.83208
2838,6.877,0.66,7.83208
2839,6.877,0.66,7.83208
2840,6.877,0.66,7.83208
2841,6.877,0.66,7.83208
2842,6.877,0.66,7.83208
2843,6.877,0.66,7.83208
2844,6.877,0.66,7.83208
2845,6.877,0.66,7.83208
2846,6.877,0.66,7.83208
2847,6.877,0.66,7.83208
2848,6.877,0.66,7.83208
2849,6.877,0.66,7.83208
2850,6.877,0.66,7.83208
2851,6.877,0.66,7.83208
2852,6.877,0.66,7.83208
2853,6.877,0.66,7.83208
2854,6.877,0.66,7.83208
2855,6.877,0.66,7.83208
2856,6.877,0.66,7.83208
2857,6.877,0.66,7.83208
2858,6.877,0.66,7.83208
2859,6.877,0.66,7.83208
2860,6.877,0.66,7.83208
2861,6.877,0.66,7.83208
2862,6.877,0.66,7.83208
2863,6.877,0.66,7.83208
2864,6.877,0.66,7.83208
2865,6.877,0.66,7.83208
2866,6.877,0.66,7.83208
2867,6.877,0.66,7.83208
2868,6.877,0.66,7.83208
2869,6.877,0.66,7.83208
2870,6.877,0.66,7.83208
2871,6.877,0.66,7.83208
2872,6.877,0.66,7.83208
2873,6.877,0.66,7.83208
2874,6.877,0.66,7.83208
2875,6.877,0.66,7.83208
2876,6.877,0.66,7.83208
2877,6.877,0.66,7.83208
2878,6.877,0.66,7.83208
2879,6.877,0.66,7.83208
2880,6.877,0.66,7.83208
2881,6.877,0.66,7.83208
2882,6.877,0.66,7.83208
2883,6.877,0.66,7.83208
2884,6.877,0.66,7.83208
2885,6.877,0.66,7.83208
2886,6.877,0.66,7.83208
2887,6.877,0.66,7.83208
2888,6.877,0.66,7.83208
2889,6.877,0.66,7.83208
2890,6.877,0.66,7.83208
2891,6.877,0.66,7.83208
2892,6.877,0.66,7.83208
2893,6.877,0.66,7.83208
2894,6.877,0.66,7.83208
2895,6.877,0.66,7.83208
2896,6.877,0.66,7.83208
2897,6.877,0.66,7.83208
2898,6.877,0.66,7.83208
2899,6.877,0.66,7.83208
2900,6.877,0.66,7.83208
2901,6.877,0.66,7.83208
2902,6.877000000000001,0.66,7.8320799999999995
2903,6.877,0.66,7.83208
2904,6.877,0.66,7.83208
2905,6.877,0.66,7.83208
2906,6.877,0.66,7.83208
2907,6.877,0.66,7.83208
2908,6.877,0.66,7.83208
2909,6.877,0.66,7.83208
2910,6.877,0.66,7.83208
2911,6.877,0.66,7.83208
2912,6.877,0.66,7.83208
2913,6.877,0.66,7.83208
2914,6.877,0.66,7.83208
2915,6.877,0.66,7.83208
2916,6.877,0.66,7.83208
2917,6.877,0.66,7.83208
2918,6.877,0.66,7.83208
2919,6.877,0.66,7.83208
2920,6.877,0.66,7.83208
2921,6.877,0.66,7.83208
2922,6.877,0.66,7.83208
2923,6.877,0.66,7.83208
2924,6.877,0.66,7.83208
2925,6.877,0.66,7.83208
2926,6.877,0.66,7.83208
2927,6.877,0.66,7.83208
2928,6.877,0.66,7.83208
2929,6.877,0.66,7.83208
2930,6.877,0.66,7.83208
2931,6.877,0.66,7.83208
2932,6.877,0.66,7.83208
2933,6.877,0.66,7.83208
2934,6.877,0.66,7.83208
2935,6.877,0.66,7.83208
2936,6.877,0.66,7.83208
2937,6.877,0.66,7.83208
2938,6.877,0.66,7.83208
2939,6.877,0.66,7.83208
2940,6.877,0.66,7.83208
2941,6.877,0.66,7.83208
2942,6.877,0.66,7.83208
2943,6.877,0.66,7.83208
2944,6.877,0.66,7.83208
2945,6.877,0.66,7.83208
2946,6.877,0.66,7.83208
2947,6.877000000000001,0.66,7.8320799999999995
2948,6.877,0.66,7.83208
2949,6.877,0.66,7.83208
2950,6.877,0.66,7.83208
2951,6.877,0.66,7.83208
2952,6.877,0.66,7.83208
2953,6.877,0.66,7.83208
2954,6.877,0.66,7.83208
2955,6.877,0.66,7.83208
2956,6.877,0.66,7.83208
2957,6.877,0.66,7.83208
2958,6.877,0.66,7.83208
2959,6.877,0.66,7.83208
2960,6.877,0.66,7.83208
2961,6.877,0.66,7.83208
2962,6.877,0.66,7.83208
2963,6.877,0.66,7.83208
2964,6.877,0.66,7.83208
2965,6.877,0.66,7.83208
2966,6.877,0.66,7.83208
2967,6.877,0.66,7.83208
2968,6.877,0.66,7.83208
2969,6.877,0.66,7.83208
2970,6.877,0.66,7.83208
2971,6.877,0.66,7.83208
2972,6.877,0.66,7.83208
2973,6.877,0.66,7.83208
2974,6.877,0.66,7.83208
2975,6.877,0.66,7.83208
2976,6.877,0.66,7.83208
2977,6.877,0.66,7.83208
2978,6.877,0.66,7.83208
2979,6.877,0.66,7.83208
2980,6.877,0.66,7.83208
2981,6.877,0.66,7.83208
2982,6.877,0.66,7.83208
2983,6.877,0.66,7.83208
2984,6.877,0.66,7.83208
2985,6.877,0.66,7.83208
2986,6.877,0.66,7.83208
2987,6.877,0.66,7.83208
2988,6.877,0.66,7.83208
2989,6.877,0.66,7.83208
2990,6.877,0.66,7.83208
2991,6.877,0.66,7.83208
2992,6.877,0.66,7.83208
2993,6.877,0.66,7.83208
2994,6.877,0.66,7.83208
2995,6.877,0.66,7.83208
2996,6.877,0.66,7.83208
2997,6.877,0.66,7.83208
2998,6.877,0.66,7.83208
2999,6.877,0.66,7.83208
3000,6.877,0.66,7.83208
3001,6.877,0.66,7.83208
3002,6.877,0.66,7.83208
3003,6.877,0.66,7.83208
3004,6.877,0.66,7.83208
3005,6.877,0.66,7.83208
3006,6.877,0.66,7.83208
3007,6.877,0.66,7.83208
3008,6.877,0.66,7.83208
3009,6.877,0.66,7.83208
3010,6.877,0.66,7.83208
3011,6.877,0.66,7.83208
3012,6.877,0.66,7.83208
3013,6.877,0.66,7.83208
3014,6.877,0.66,7.83208
3015,6.877,0.66,7.83208
3016,6.877,0.66,7.83208
3017,6.877,0.66,7.83208
3018,6.877,0.66,7.83208
3019,6.877,0.66,7.83208
3020,6.877,0.66,7.83208
3021,6.877,0.66,7.83208
3022,6.877,0.66,7.83208
3023,6.877,0.66,7.83208
3024,6.877,0.66,7.83208
3025,6.877,0.66,7.83208
3026,6.877,0.66,7.83208
3027,6.877,0.66,7.83208
3028,6.877,0.66,7.83208
3029,6.877,0.66,7.83208
3030,6.877,0.66,7.83208
3031,6.877,0.66,7.83208
3032,6.877,0.66,7.83208
3033,6.877,0.66,7.83208
3034,6.877,0.66,7.83208
3035,6.877,0.66,7.83208
3036,6.877,0.66,7.83208
3037,6.877,0.66,7.83208
3038,6.877,0.66,7.83208
3039,6.877,0.66,7.83208
3040,6.877,0.66,7.83208
3041,6.877,0.66,7.83208
3042,6.877,0.66,7.83208
3043,6.877,0.66,7.83208
3044,6.877,0.66,7.83208
3045,6.877,0.66,7.83208
3046,6.877,0.66,7.83208
3047,6.877,0.66,7.83208
3048,6.877,0.66,7.83208
3049,6.877,0.66,7.83208
3050,6.877,0.66,7.83208
3051,6.877,0.66,7.83208
3052,6.877,0.66,7.83208
3053,6.877,0.66,7.83208
3054,6.877,0.66,7.83208
3055,6.877,0.66,7.83208
3056,6.877,0.66,7.83208
3057,6.877,0.66,7.83208
3058,6.877,0.66,7.83208
3059,6.877,0.66,7.83208
3060,6.877,0.66,7.83208
3061,6.877,0.66,7.83208
3062,6.877,0.66,7.83208
3063,6.877,0.66,7.83208
3064,6.877,0.66,7.83208
3065,6.877,0.66,7.83208
3066,6.877000000000001,0.66,7.83208
3067,6.877,0.66,7.83208
3068,6.877,0.66,7.83208
3069,6.877,0.66,7.83208
3070,6.877,0.66,7.83208
3071,6.877,0.66,7.83208
3072,6.877,0.66,7.83208
3073,6.877,0.66,7.83208
3074,6.877,0.66,7.83208
3075,6.877,0.66,7.83208
3076,6.877,0.66,7.83208
3077,6.877,0.66,7.83208
3078,6.877,0.66,7.83208
3079,6.877,0.66,7.83208
3080,6.877,0.66,7.83208
3081,6.877,0.66,7.83208
3082,6.877,0.66,7.83208
3083,6.877,0.66,7.83208
3084,6.877,0.66,7.83208
3085,6.877,0.66,7.83208
3086,6.877,0.66,7.83208
3087,6.877,0.66,7.83208
3088,6.877,0.66,7.83208
3089,6.877,0.66,7.83208
3090,6.877,0.66,7.83208
3091,6.877,0.66,7.83208
3092,6.877,0.66,7.83208
3093,6.877,0.66,7.83208
3094,6.877,0.66,7.83208
3095,6.877,0.66,7.83208
3096,6.877,0.66,7.83208
3097,6.877,0.66,7.83208
3098,6.877,0.66,7.83208
3099,6.877,0.66,7.83208
3100,6.877,0.66,7.83208
3101,6.877,0.66,7.83208
3102,6.877,0.66,7.83208
3103,6.877,0.66,7.83208
3104,6.877,0.66,7.83208
3105,6.877,0.66,7.83208
3106,6.877,0.66,7.83208
3107,6.877,0.66,7.83208
3108,6.877,0.66,7.83208
3109,6.877,0.66,7.83208
3110,6.877,0.66,7.83208
3111,6.877,0.66,7.83208
3112,6.877,0.66,7.83208
3113,6.877,0.66,7.83208
3114,6.877,0.66,7.83208
3115,6.877,0.66,7.83208
3116,6.877,0.66,7.83208
3117,6.877,0.66,7.83208
3118,6.877,0.66,7.83208
3119,6.877,0.66,7.83208
3120,6.877,0.66,7.83208
3121,6.877,0.66,7.83208
3122,6.877,0.66,7.83208
3123,6.877,0.66,7.83208
3124,6.877,0.66,7.83208
3125,6.877,0.66,7.83208
3126,6.877,0.66,7.83208
3127,6.877,0.66,7.83208
3128,6.877,0.66,7.83208
3129,6.877,0.66,7.83208
3130,6.877,0.66,7.83208
3131,6.877000000000001,0.66,7.8320799999999995
3132,6.877,0.66,7.83208
3133,6.877,0.66,7.83208
3134,6.877,0.66,7.83208
3135,6.877,0.66,7.83208
3136,6.877,0.66,7.83208
3137,6.877,0.66,7.83208
3138,6.877,0.66,7.83208
3139,6.877,0.66,7.83208
3140,6.877,0.66,7.83208
3141,6.877,0.66,7.83208
3142,6.877,0.66,7.83208
3143,6.877,0.66,7.83208
3144,6.877,0.66,7.83208
3145,6.877,0.66,7.83208
3146,6.877,0.66,7.83208
3147,6.877,0.66,7.83208
3148,6.877,0.66,7.83208
3149,6.877,0.66,7.83208
3150,6.877,0.66,7.83208
3151,6.877,0.66,7.83208
3152,6.877,0.66,7.83208
3153,6.877,0.66,7.83208
3154,6.877,0.66,7.83208
3155,6.877,0.66,7.83208
3156,6.877,0.66,7.83208
3157,6.877,0.66,7.83208
3158,6.877,0.66,7.83208
3159,6.877,0.66,7.83208
3160,6.877,0.66,7.83208
3161,6.877,0.66,7.83208
3162,6.877,0.66,7.83208
3163,6.877,0.66,7.83208
3164,6.877,0.66,7.83208
3165,6.877,0.66,7.83208
3166,6.877,0.66,7.83208
3167,6.877,0.66,7.83208
3168,6.877,0.66,7.83208
3169,6.877,0.66,7.83208
3170,6.877,0.66,7.83208
3171,6.877,0.66,7.83208
3172,6.877,0.66,7.83208
3173,6.877,0.66,7.83208
3174,6.877,0.66,7.83208
3175,6.877,0.66,7.83208
3176,6.8122,0.66,7.767280000000001
3177,6.796,0.66,7.75108
3178,6.796,0.66,7.75108
3179,6.796,0.66,7.751080000000001
3180,6.796,0.66,7.75108
3181,6.796,0.66,7.75108
3182,6.796,0.66,7.75108
3183,6.796,0.66,7.75108
3184,6.796,0.66,7.75108
3185,6.796,0.66,7.75108
3186,6.796,0.66,7.75108
3187,6.796,0.66,7.75108
3188,6.796,0.66,7.75108
3189,6.796,0.66,7.75108
3190,6.796,0.66,7.751080000000001
3191,6.796,0.66,7.75108
3192,6.796,0.66,7.75108
3193,6.796,0.66,7.75108
3194,6.796,0.66,7.75108
3195,6.796,0.66,7.75108
3196,6.796,0.66,7.75108
3197,6.796,0.66,7.75108
3198,6.796,0.66,7.751079999999999
3199,6.796,0.66,7.75108
3200,6.796,0.66,7.75108
3201,6.796,0.66,7.75108
3202,6.796,0.66,7.75108
3203,6.796,0.66,7.75108
3204,6.796,0.66,7.75108
3205,6.796,0.66,7.75108
3206,6.796,0.66,7.75108
3207,6.796,0.66,7.75108
3208,6.796,0.66,7.75108
3209,6.796,0.66,7.75108
3210,6.796,0.66,7.75108
3211,6.796,0.66,7.75108
3212,6.796,0.66,7.75108
3213,6.796,0.66,7.75108
3214,6.796,0.66,7.75108
3215,6.796,0.66,7.75108
3216,6.796,0.66,7.751079999999999
3217,6.796,0.66,7.751080000000001
3218,6.796,0.66,7.75108
3219,6.796,0.66,7.75108
3220,6.796,0.66,7.75108
3221,6.796000000000001,0.66,7.75108
3222,6.796,0.66,7.75108
3223,6.796,0.66,7.75108
3224,6.796,0.66,7.75108
3225,6.796,0.66,7.75108
3226,6.796,0.66,7.75108
3227,6.796,0.66,7.75108
3228,6.796,0.66,7.751079999999999
3229,6.796,0.66,7.75108
3230,6.796,0.66,7.75108
3231,6.796,0.66,7.75108
3232,6.796,0.66,7.75108
3233,6.796,0.66,7.751079999999999
3234,6.796,0.66,7.75108
3235,6.796,0.66,7.75108
3236,6.796,0.66,7.751080000000001
3237,6.796,0.66,7.75108
3238,6.796,0.66,7.75108
3239,6.796,0.66,7.75108
3240,6.796,0.66,7.75108
3241,6.796,0.66,7.751079999999999
3242,6.796,0.66,7.75108
3243,6.796,0.66,7.75108
3244,6.796,0.66,7.75108
3245,6.796,0.66,7.75108
3246,6.796,0.66,7.75108
3247,6.796,0.66,7.75108
3248,6.796,0.66,7.75108
3249,6.796,0.66,7.751080000000001
3250,6.796,0.66,7.75108
3251,6.796,0.66,7.75108
3252,6.796,0.66,7.75108
3253,6.796,0.66,7.75108
3254,6.796,0.66,7.751079999999999
3255,6.796,0.66,7.75108
3256,6.796,0.66,7.75108
3257,6.796,0.66,7.75108
3258,6.796,0.66,7.75108
3259,6.796,0.66,7.75108
3260,6.796,0.66,7.75108
3261,6.796,0.66,7.75108
3262,6.796,0.66,7.751080000000001
3263,6.796,0.66,7.75108
3264,6.796,0.66,7.75108
3265,6.796,0.66,7.75108
3266,6.796,0.66,7.75108
3267,6.796,0.66,7.75108
3268,6.796,0.66,7.75108
3269,6.796,0.66,7.75108
3270,6.796,0.66,7.75108
3271,6.796,0.66,7.75108
3272,6.796,0.66,7.75108
3273,6.796,0.66,7.75108
3274,6.796,0.66,7.75108
3275,6.796,0.66,7.75108
3276,6.796,0.66,7.75108
3277,6.796000000000001,0.66,7.75108
3278,6.796,0.66,7.75108
3279,6.796,0.66,7.75108
3280,6.796,0.66,7.75108
3281,6.796,0.66,7.75108
3282,6.796,0.66,7.75108
3283,6.796,0.66,7.75108
3284,6.796,0.66,7.75108
3285,6.796,0.66,7.75108
3286,6.796,0.66,7.75108
3287,6.796,0.66,7.75108
3288,6.796,0.66,7.75108
3289,6.796,0.66,7.75108
3290,6.796,0.66,7.75108
3291,6.796,0.66,7.75108
3292,6.796,0.66,7.75108
3293,6.796,0.66,7.751080000000001
3294,6.796,0.66,7.75108
3295,6.796,0.66,7.751079999999999
3296,6.796000000000001,0.66,7.75108
3297,6.796,0.66,7.75108
3298,6.796,0.66,7.75108
3299,6.796,0.66,7.75108
3300,6.796,0.66,7.751079999999999
3301,6.796,0.66,7.75108
3302,6.796,0.66,7.75108
3303,6.796,0.66,7.751080000000001
3304,6.796,0.66,7.75108
3305,6.796,0.66,7.75108
3306,6.796,0.66,7.75108
3307,6.796,0.66,7.75108
3308,6.796,0.66,7.75108
3309,6.796,0.66,7.751079999999999
3310,6.796,0.66,7.75108
3311,6.796,0.66,7.75108
3312,6.796,0.66,7.75108
3313,6.796,0.66,7.75108
3314,6.796,0.66,7.751079999999999
3315,6.796,0.66,7.75108
3316,6.796,0.66,7.75108
3317,6.796,0.66,7.75108
3318,6.796000000000001,0.66,7.75108
3319,6.796,0.66,7.75108
3320,6.796,0.66,7.75108
3321,6.796,0.66,7.75108
3322,6.796,0.66,7.75108
3323,6.796,0.66,7.75108
3324,6.796,0.66,7.75108
3325,6.796,0.66,7.75108
3326,6.796,0.66,7.75108
3327,6.796,0.66,7.75108
3328,6.796,0.66,7.75108
3329,6.796,0.66,7.75108
3330,6.796,0.66,7.75108
3331,6.796,0.66,7.75108
3332,6.796,0.66,7.75108
3333,6.796,0.66,7.75108
3334,6.796,0.66,7.751080000000001
3335,6.796,0.66,7.75108
3336,6.796,0.66,7.75108
3337,6.796,0.66,7.751080000000001
3338,6.796,0.66,7.75108
3339,6.796,0.66,7.75108
3340,6.796,0.66,7.75108
3341,6.796,0.66,7.75108
3342,6.796,0.66,7.75108
3343,6.796000000000001,0.66,7.75108
3344,6.796,0.66,7.75108
3345,6.796,0.66,7.75108
3346,6.796,0.66,7.75108
3347,6.796,0.66,7.751079999999999
3348,6.796,0.66,7.75108
3349,6.796,0.66,7.75108
3350,6.796,0.66,7.751079999999999
3351,6.796,0.66,7.75108
3352,6.796,0.66,7.75108
3353,6.796,0.66,7.751080000000001
3354,6.796,0.66,7.75108
3355,6.796,0.66,7.75108
3356,6.796,0.66,7.75108
3357,6.796,0.66,7.75108
3358,6.796000000000001,0.66,7.75108
3359,6.796,0.66,7.75108
3360,6.796,0.66,7.75108
3361,6.796,0.66,7.75108
3362,6.796,0.66,7.75108
3363,6.796,0.66,7.75108
3364,6.796,0.66,7.75108
3365,6.796,0.66,7.75108
3366,6.796,0.66,7.75108
3367,6.796000000000001,0.66,7.75108
3368,6.796,0.66,7.75108
3369,6.796,0.66,7.75108
3370,6.796,0.66,7.75108
3371,6.796,0.66,7.75108
3372,6.796,0.66,7.75108
3373,6.796,0.66,7.751080000000001
3374,6.796,0.66,7.75108
3375,6.796,0.66,7.75108
3376,6.796,0.66,7.75108
3377,6.796,0.66,7.75108
3378,6.796,0.66,7.75108
3379,6.796,0.66,7.751080000000001
3380,6.796,0.66,7.75108
3381,6.796,0.66,7.75108
3382,6.796,0.66,7.75108
3383,6.796,0.66,7.75108
3384,6.796,0.66,7.75108
3385,6.796,0.66,7.75108
3386,6.796,0.66,7.751079999999999
3387,6.796,0.66,7.75108
3388,6.796,0.66,7.75108
3389,6.796,0.66,7.75108
3390,6.796,0.66,7.75108
3391,6.796,0.66,7.751079999999999
3392,6.796,0.66,7.75108
3393,6.796,0.66,7.75108
3394,6.796,0.66,7.75108
3395,6.796,0.66,7.75108
3396,6.796,0.66,7.75108
3397,6.796,0.66,7.75108
3398,6.796,0.66,7.75108
3399,6.796,0.66,7.751079999999999
3400,6.796,0.66,7.75108
3401,6.796,0.66,7.75108
3402,6.796,0.66,7.75108
3403,6.796,0.66,7.75108
3404,6.796,0.66,7.75108
3405,6.796,0.66,7.75108
3406,6.796,0.66,7.75108
3407,6.796000000000001,0.66,7.75108
3408,6.796,0.66,7.75108
3409,6.796,0.66,7.75108
3410,6.796,0.66,7.75108
3411,6.796,0.66,7.75108
3412,6.796,0.66,7.751080000000001
3413,6.796,0.66,7.75108
3414,6.796,0.66,7.75108
3415,6.796,0.66,7.75108
3416,6.796,0.66,7.75108
3417,6.796,0.66,7.75108
3418,6.796,0.66,7.75108
3419,6.796,0.66,7.75108
3420,6.796,0.66,7.75108
3421,6.796,0.66,7.75108
3422,6.796000000000001,0.66,7.75108
3423,6.796,0.66,7.75108
3424,6.796,0.66,7.75108
3425,6.796,0.66,7.75108
3426,6.796000000000001,0.66,7.75108
3427,6.796,0.66,7.75108
3428,6.796,0.66,7.75108
3429,6.796,0.66,7.75108
3430,6.796,0.66,7.75108
3431,6.796,0.66,7.75108
3432,6.796,0.66,7.75108
3433,6.796,0.66,7.751080000000001
3434,6.796,0.66,7.75108
3435,6.796,0.66,7.75108
3436,6.796,0.66,7.75108
3437,6.796,0.66,7.75108
3438,6.796,0.66,7.751079999999999
3439,6.796,0.66,7.75108
3440,6.796,0.66,7.75108
3441,6.796,0.66,7.75108
3442,6.796,0.66,7.75108
3443,6.796,0.66,7.75108
3444,6.796,0.66,7.75108
3445,6.796,0.66,7.75108
3446,6.796,0.66,7.75108
3447,6.796,0.66,7.75108
3448,6.796,0.66,7.75108
3449,6.796000000000001,0.66,7.75108
3450,6.796,0.66,7.75108
3451,6.796,0.66,7.75108
3452,6.796,0.66,7.75108
3453,6.796,0.66,7.75108
3454,6.796,0.66,7.75108
3455,6.796,0.66,7.75108
3456,6.796,0.66,7.75108
3457,6.796,0.66,7.75108
3458,6.796,0.66,7.75108
3459,6.796,0.66,7.75108
3460,6.796,0.66,7.75108
3461,6.796000000000001,0.66,7.751080000000001
3462,6.796,0.66,7.75108
3463,6.796,0.66,7.75108
3464,6.796,0.66,7.75108
3465,6.796,0.66,7.75108
3466,6.796,0.66,7.75108
3467,6.796,0.66,7.751079999999999
3468,6.796,0.66,7.75108
3469,6.796,0.66,7.75108
3470,6.796,0.66,7.75108
3471,6.796,0.66,7.75108
3472,6.796,0.66,7.75108
3473,6.796,0.66,7.75108
3474,6.796,0.66,7.75108
3475,6.796,0.66,7.75108
3476,6.796,0.66,7.75108
3477,6.796,0.66,7.75108
3478,6.796,0.66,7.75108
3479,6.796,0.66,7.75108
3480,6.796,0.66,7.75108
3481,6.796,0.66,7.751080000000001
3482,6.796,0.66,7.75108
3483,6.796,0.66,7.75108
3484,6.796,0.66,7.75108
3485,6.796,0.66,7.75108
3486,6.796,0.66,7.75108
3487,6.796,0.66,7.75108
3488,6.796,0.66,7.75108
3489,6.796,0.66,7.75108
3490,6.796,0.66,7.75108
3491,6.796,0.66,7.75108
3492,6.796,0.66,7.75108
3493,6.796,0.66,7.75108
3494,6.796,0.66,7.75108
3495,6.796,0.66,7.75108
3496,6.796,0.66,7.751080000000001
3497,6.796,0.66,7.751079999999999
3498,6.796,0.66,7.751080000000001
3499,6.796000000000001,0.66,7.75108
3500,6.796,0.66,7.75108
3501,6.796000000000001,0.66,7.75108
3502,6.796,0.66,7.75108
3503,6.796,0.66,7.75108
3504,6.796,0.66,7.75108
3505,6.796,0.66,7.75108
3506,6.796,0.66,7.75108
3507,6.796,0.66,7.751079999999999
3508,6.796,0.66,7.75108
3509,6.796,0.66,7.75108
3510,6.796,0.66,7.751079999999999
3511,6.796,0.66,7.75108
3512,6.796,0.66,7.75108
3513,6.796,0.66,7.75108
3514,6.796,0.66,7.75108
3515,6.796,0.66,7.75108
3516,6.796,0.66,7.75108
3517,6.796,0.66,7.75108
3518,6.796,0.66,7.75108
3519,6.796,0.66,7.75108
3520,6.796,0.66,7.75108
3521,6.796,0.66,7.75108
3522,6.796,0.66,7.751080000000001
3523,6.796,0.66,7.75108
3524,6.796,0.66,7.75108
3525,6.796,0.66,7.75108
3526,6.796,0.66,7.75108
3527,6.796,0.66,7.75108
3528,6.796,0.66,7.75108
3529,6.796,0.66,7.75108
3530,6.796,0.66,7.75108
3531,6.796,0.66,7.75108
3532,6.796,0.66,7.75108
3533,6.796,0.66,7.75108
3534,6.796,0.66,7.75108
3535,6.796,0.66,7.75108
3536,6.796,0.66,7.75108
3537,6.796,0.66,7.75108
3538,6.796,0.66,7.751079999999999
3539,6.796,0.66,7.75108
3540,6.796,0.66,7.75108
3541,6.796,0.66,7.75108
3542,6.796,0.66,7.75108
3543,6.796,0.66,7.75108
3544,6.796,0.66,7.75108
3545,6.796,0.66,7.75108
3546,6.796,0.66,7.75108
3547,6.796,0.66,7.75108
3548,6.796,0.66,7.75108
3549,6.796,0.66,7.75108
3550,6.796,0.66,7.75108
3551,6.796,0.66,7.75108
3552,6.91,0.66,7.865080000000001
3553,6.948,0.66,7.90308
3554,6.948,0.66,7.903080000000001
3555,6.948,0.66,7.90308
3556,6.948,0.66,7.90308
3557,6.948,0.66,7.903080000000002
3558,6.948,0.66,7.90308
3559,6.948,0.66,7.90308
3560,6.948,0.66,7.90308
3561,6.948,0.66,7.90308
3562,6.948,0.66,7.90308
3563,6.948,0.66,7.90308
3564,6.948,0.66,7.90308
3565,6.948,0.66,7.90308
3566,6.948,0.66,7.90308
3567,6.948,0.66,7.90308
3568,6.948,0.66,7.90308
3569,6.948,0.66,7.90308
3570,6.948,0.66,7.90308
3571,6.948,0.66,7.90308
3572,6.948,0.66,7.90308
3573,6.948,0.66,7.90308
3574,6.948,0.66,7.90308
3575,6.948,0.66,7.90308
3576,6.948,0.66,7.90308
3577,6.948,0.66,7.90308
3578,6.948,0.66,7.90308
3579,6.948,0.66,7.90308
3580,6.948,0.66,7.90308
3581,6.948,0.66,7.90308
3582,6.948,0.66,7.90308
3583,6.948,0.66,7.90308
3584,6.948,0.66,7.90308
3585,6.948,0.66,7.90308
3586,6.948,0.66,7.90308
3587,6.948,0.66,7.90308
3588,6.948,0.66,7.90308
3589,6.948,0.66,7.90308
3590,6.948,0.66,7.90308
3591,6.948,0.66,7.90308
3592,6.948,0.66,7.90308
3593,6.948,0.66,7.90308
3594,6.948,0.66,7.90308
3595,6.948,0.66,7.903080000000001
3596,6.948,0.66,7.90308
3597,6.948,0.66,7.90308
3598,6.948,0.66,7.90308
3599,6.948,0.66,7.90308
3600,6.948,0.66,7.90308
3601,6.948,0.66,7.90308
3602,6.948,0.66,7.90308
3603,6.948,0.66,7.90308
3604,6.948,0.66,7.90308
3605,6.948,0.66,7.90308
3606,6.948,0.66,7.90308
3607,6.948,0.66,7.90308
3608,6.948,0.66,7.90308
3609,6.948,0.66,7.90308
3610,6.948,0.66,7.90308
3611,6.948,0.66,7.90308
3612,6.948,0.66,7.90308
3613,6.948,0.66,7.90308
3614,6.948,0.66,7.90308
3615,6.948,0.66,7.90308
3616,6.948,0.66,7.90308
3617,6.948,0.66,7.90308
3618,6.948,0.66,7.90308
3619,6.948,0.66,7.90308
3620,6.948,0.66,7.90308
3621,6.948,0.66,7.90308
3622,6.948,0.66,7.90308
3623,6.948,0.66,7.90308
3624,6.948,0.66,7.90308
3625,6.948,0.66,7.90308
3626,6.948,0.66,7.90308
3627,6.948,0.66,7.90308
3628,6.948,0.66,7.90308
3629,6.948,0.66,7.90308
3630,6.948,0.66,7.90308
3631,6.948,0.66,7.90308
3632,6.948,0.66,7.90308
3633,6.948,0.66,7.90308
3634,6.948,0.66,7.90308
3635,6.948,0.66,7.90308
3636,6.948,0.66,7.90308
3637,6.948,0.66,7.90308
3638,6.948,0.66,7.90308
3639,6.948,0.66,7.90308
3640,6.948,0.66,7.90308
3641,6.948,0.66,7.90308
3642,6.948,0.66,7.90308
3643,6.948,0.66,7.90308
3644,6.948,0.66,7.90308
3645,6.948,0.66,7.90308
3646,6.948,0.66,7.90308
3647,6.948,0.66,7.90308
3648,6.948,0.66,7.90308
3649,6.948,0.66,7.90308
3650,6.948,0.66,7.90308
3651,6.948,0.66,7.90308
3652,6.948,0.66,7.90308
3653,6.948,0.66,7.90308
3654,6.948,0.66,7.90308
3655,6.948,0.66,7.90308
3656,6.948,0.66,7.90308
3657,6.948,0.66,7.90308
3658,6.948,0.66,7.90308
3659,6.948,0.66,7.90308
3660,6.948,0.66,7.90308
3661,6.948,0.66,7.90308
3662,6.948,0.66,7.90308
3663,6.948,0.66,7.90308
3664,6.948,0.66,7.90308
3665,6.948,0.66,7.90308
3666,6.948,0.66,7.90308
3667,6.948,0.66,7.90308
3668,6.948,0.66,7.903080000000001
3669,6.948,0.66,7.90308
3670,6.948,0.66,7.90308
3671,6.948,0.66,7.90308
3672,6.948,0.66,7.90308
3673,6.948,0.66,7.90308
3674,6.948,0.66,7.90308
3675,6.948,0.66,7.90308
3676,6.948,0.66,7.90308
3677,6.948,0.66,7.90308
3678,6.948,0.66,7.90308
3679,6.948,0.66,7.903080000000001
3680,6.948,0.66,7.90308
3681,6.948,0.66,7.90308
3682,6.948,0.66,7.90308
3683,6.948,0.66,7.90308
3684,6.948,0.66,7.90308
3685,6.948,0.66,7.90308
3686,6.948,0.66,7.90308
3687,6.948,0.66,7.90308
3688,6.948,0.66,7.90308
3689,6.948,0.66,7.90308
3690,6.948,0.66,7.90308
3691,6.948,0.66,7.90308
3692,6.948,0.66,7.90308
3693,6.948,0.66,7.903080000000001
3694,6.948,0.66,7.90308
3695,6.948,0.66,7.90308
3696,6.948,0.66,7.90308
3697,6.948,0.66,7.90308
3698,6.948,0.66,7.90308
3699,6.948,0.66,7.90308
3700,6.948,0.66,7.90308
3701,6.948,0.66,7.90308
3702,6.948,0.66,7.90308
3703,6.948,0.66,7.90308
3704,6.948,0.66,7.90308
3705,6.948,0.66,7.90308
3706,6.948,0.66,7.90308
3707,6.948,0.66,7.90308
3708,6.948,0.66,7.90308
3709,6.948,0.66,7.90308
3710,6.948,0.66,7.90308
3711,6.948,0.66,7.90308
3712,6.948,0.66,7.90308
3713,6.948,0.66,7.90308
3714,6.948,0.66,7.90308
3715,6.948,0.66,7.90308
3716,6.948,0.66,7.90308
3717,6.948,0.66,7.90308
3718,6.948,0.66,7.90308
3719,6.948,0.66,7.90308
3720,6.948,0.66,7.90308
3721,6.948,0.66,7.90308
3722,6.948,0.66,7.90308
3723,6.948,0.66,7.90308
3724,6.948,0.66,7.90308
3725,6.948,0.66,7.90308
3726,6.948,0.66,7.90308
3727,6.948,0.66,7.90308
3728,6.948,0.66,7.90308
3729,6.948,0.66,7.90308
3730,6.948,0.66,7.90308
3731,6.948,0.66,7.90308
3732,6.948,0.66,7.90308
3733,6.948,0.66,7.90308
3734,6.948,0.66,7.90308
3735,6.948,0.66,7.90308
3736,6.948,0.66,7.90308
3737,6.948,0.66,7.90308
3738,6.948,0.66,7.90308
3739,6.948,0.66,7.90308
3740,6.948,0.66,7.90308
3741,6.948,0.66,7.90308
3742,6.948,0.66,7.90308
3743,6.948,0.66,7.90308
3744,6.948,0.66,7.90308
3745,6.948,0.66,7.90308
3746,6.948,0.66,7.90308
3747,6.948,0.66,7.90308
3748,6.948,0.66,7.90308
3749,6.948,0.66,7.90308
3750,6.948,0.66,7.90308
3751,6.948,0.66,7.90308
3752,6.948,0.66,7.90308
3753,6.948,0.66,7.90308
3754,6.948,0.66,7.90308
3755,6.948,0.66,7.90308
3756,6.948,0.66,7.90308
3757,6.948,0.66,7.90308
3758,6.948,0.66,7.90308
3759,6.948,0.66,7.90308
3760,6.948,0.66,7.90308
3761,6.948,0.66,7.90308
3762,6.948,0.66,7.90308
3763,6.948,0.66,7.90308
3764,6.948,0.66,7.90308
3765,6.948,0.66,7.90308
3766,6.948,0.66,7.90308
3767,6.948,0.66,7.90308
3768,6.948,0.66,7.90308
3769,6.948,0.66,7.90308
3770,6.948,0.66,7.90308
3771,6.948,0.66,7.90308
3772,6.948,0.66,7.90308
3773,6.948,0.66,7.90308
3774,6.948,0.66,7.90308
3775,6.948,0.66,7.90308
3776,6.948,0.66,7.90308
3777,6.948,0.66,7.90308
3778,6.948,0.66,7.90308
3779,6.948,0.66,7.90308
3780,6.948,0.66,7.90308
3781,6.948,0.66,7.903080000000001
3782,6.948,0.66,7.90308
3783,6.948,0.66,7.90308
3784,6.948,0.66,7.90308
3785,6.948,0.66,7.90308
3786,6.948,0.66,7.90308
3787,6.948,0.66,7.90308
3788,6.948,0.66,7.90308
3789,6.948,0.66,7.90308
3790,6.948000000000002,0.66,7.903080000000002
3791,6.948,0.66,7.90308
3792,6.948,0.66,7.90308
3793,6.948,0.66,7.90308
3794,6.948,0.66,7.90308
3795,6.948,0.66,7.90308
3796,6.948,0.66,7.90308
3797,6.948,0.66,7.90308
3798,6.948,0.66,7.903080000000001
3799,6.948,0.66,7.90308
3800,6.948,0.66,7.90308
3801,6.948,0.66,7.90308
3802,6.948,0.66,7.90308
3803,6.948,0.66,7.90308
3804,6.948,0.66,7.90308
3805,6.948,0.66,7.90308
3806,6.948,0.66,7.90308
3807,6.948,0.66,7.90308
3808,6.948,0.66,7.90308
3809,6.948,0.66,7.90308
3810,6.948,0.66,7.90308
3811,6.948,0.66,7.90308
3812,6.948,0.66,7.90308
3813,6.948,0.66,7.90308
3814,6.948,0.66,7.90308
3815,6.948,0.66,7.90308
3816,6.948,0.66,7.90308
3817,6.948,0.66,7.90308
3818,6.948,0.66,7.90308
3819,6.948,0.66,7.90308
3820,6.948,0.66,7.90308
3821,6.948,0.66,7.90308
3822,6.948,0.66,7.90308
3823,6.948,0.66,7.90308
3824,6.948,0.66,7.90308
3825,6.948,0.66,7.90308
3826,6.948,0.66,7.90308
3827,6.948,0.66,7.90308
3828,6.948,0.66,7.90308
3829,6.948,0.66,7.90308
3830,6.948,0.66,7.90308
3831,6.948,0.66,7.90308
3832,6.948,0.66,7.90308
3833,6.948,0.66,7.90308
3834,6.948,0.66,7.90308
3835,6.948,0.66,7.90308
3836,6.948000000000001,0.66,7.903080000000002
3837,6.948,0.66,7.90308
3838,6.948,0.66,7.90308
3839,6.948,0.66,7.90308
3840,6.948,0.66,7.90308
3841,6.948,0.66,7.90308
3842,6.948,0.66,7.90308
3843,6.948,0.66,7.903080000000001
3844,6.948,0.66,7.90308
3845,6.948,0.66,7.903080000000001
3846,6.948,0.66,7.90308
3847,6.948,0.66,7.90308
3848,6.948,0.66,7.90308
3849,6.948,0.66,7.90308
3850,6.948,0.66,7.90308
3851,6.948,0.66,7.90308
3852,6.948,0.66,7.90308
3853,6.948,0.66,7.90308
3854,6.948,0.66,7.90308
3855,6.948,0.66,7.903080000000001
3856,6.948,0.66,7.90308
3857,6.948,0.66,7.90308
3858,6.948,0.66,7.90308
3859,6.948,0.66,7.90308
3860,6.948,0.66,7.90308
3861,6.948,0.66,7.90308
3862,6.948,0.66,7.90308
3863,6.948,0.66,7.90308
3864,6.948,0.66,7.90308
3865,6.948,0.66,7.90308
3866,6.948,0.66,7.90308
3867,6.948,0.66,7.90308
3868,6.948,0.66,7.90308
3869,6.948,0.66,7.90308
3870,6.948,0.66,7.90308
3871,6.948,0.66,7.90308
3872,6.948,0.66,7.90308
3873,6.948,0.66,7.90308
3874,6.948,0.66,7.90308
3875,6.948,0.66,7.90308
3876,6.948,0.66,7.90308
3877,6.948,0.66,7.90308
3878,6.948,0.66,7.90308
3879,6.948,0.66,7.90308
3880,6.948,0.66,7.90308
3881,6.948,0.66,7.90308
3882,6.948,0.66,7.90308
3883,6.948,0.66,7.90308
3884,6.948,0.66,7.90308
3885,6.948,0.66,7.90308
3886,6.948,0.66,7.90308
3887,6.948,0.66,7.90308
3888,6.948,0.66,7.90308
3889,6.948,0.66,7.90308
3890,6.948,0.66,7.90308
3891,6.948,0.66,7.90308
3892,6.948,0.66,7.90308
3893,6.948,0.66,7.90308
3894,6.948,0.66,7.90308
3895,6.948,0.66,7.90308
3896,6.948,0.66,7.90308
3897,6.948,0.66,7.90308
3898,6.948,0.66,7.90308
3899,6.948,0.66,7.90308
3900,6.948,0.66,7.90308
3901,6.948,0.66,7.90308
3902,6.948,0.66,7.903080000000001
3903,6.948,0.66,7.90308
3904,6.948,0.66,7.90308
3905,6.948,0.66,7.90308
3906,6.948,0.66,7.90308
3907,6.948,0.66,7.90308
3908,6.948,0.66,7.90308
3909,6.948,0.66,7.90308
3910,6.948,0.66,7.90308
3911,6.948,0.66,7.90308
3912,6.948,0.66,7.90308
3913,6.948,0.66,7.90308
3914,6.948,0.66,7.903080000000001
3915,6.948,0.66,7.90308
3916,6.948,0.66,7.90308
3917,6.948,0.66,7.90308
3918,6.948,0.66,7.90308
3919,6.948,0.66,7.90308
3920,6.948,0.66,7.90308
3921,6.948,0.66,7.90308
3922,6.948,0.66,7.90308
3923,6.948,0.66,7.90308
3924,6.948,0.66,7.90308
3925,6.948,0.66,7.90308
3926,6.948,0.66,7.90308
3927,6.948,0.66,7.90308
3928,6.948,0.66,7.90308
3929,6.948,0.66,7.90308
3930,6.948,0.66,7.90308
3931,6.948,0.66,7.90308
3932,6.948,0.66,7.90308
3933,6.948000000000001,0.66,7.903080000000002
3934,6.948,0.66,7.90308
3935,6.948,0.66,7.90308
3936,6.948,0.66,7.90308
3937,6.948,0.66,7.90308
3938,7.519999999999998,0.66,8.47508
3939,7.52,0.66,8.47508
3940,7.52,0.66,8.47508
3941,7.52,0.66,8.47508
3942,7.52,0.66,8.47508
3943,7.52,0.66,8.47508
3944,7.52,0.66,8.47508
3945,7.52,0.66,8.47508
3946,7.52,0.66,8.47508
3947,7.52,0.66,8.47508
3948,7.52,0.66,8.47508
3949,7.52,0.66,8.47508
3950,7.52,0.66,8.47508
3951,7.52,0.66,8.47508
3952,7.52,0.66,8.47508
3953,7.52,0.66,8.47508
3954,7.52,0.66,8.47508
3955,7.52,0.66,8.47508
3956,7.52,0.66,8.47508
3957,7.52,0.66,8.47508
3958,7.52,0.66,8.47508
3959,7.52,0.66,8.47508
3960,7.52,0.66,8.47508
3961,7.52,0.66,8.47508
3962,7.519999999999999,0.66,8.47508
3963,7.52,0.66,8.47508
3964,7.52,0.66,8.47508
3965,7.519999999999998,0.66,8.47508
3966,7.52,0.66,8.47508
3967,7.52,0.66,8.47508
3968,7.52,0.66,8.47508
3969,7.52,0.66,8.47508
3970,7.52,0.66,8.47508
3971,7.52,0.66,8.47508
3972,7.52,0.66,8.47508
3973,7.52,0.66,8.47508
3974,7.52,0.66,8.47508
3975,7.52,0.66,8.47508
3976,7.52,0.66,8.47508
3977,7.52,0.66,8.47508
3978,7.52,0.66,8.47508
3979,7.52,0.66,8.47508
3980,7.52,0.66,8.47508
3981,7.52,0.66,8.47508
3982,7.52,0.66,8.47508
3983,7.52,0.66,8.47508
3984,7.52,0.66,8.47508
3985,7.52,0.66,8.47508
3986,7.52,0.66,8.47508
3987,7.52,0.66,8.47508
3988,7.519999999999999,0.66,8.47508
3989,7.52,0.66,8.47508
3990,7.52,0.66,8.47508
3991,7.52,0.66,8.47508
3992,7.52,0.66,8.47508
3993,7.52,0.66,8.47508
3994,7.52,0.66,8.47508
3995,7.52,0.66,8.47508
3996,7.52,0.66,8.47508
3997,7.52,0.66,8.47508
3998,7.52,0.66,8.47508
3999,7.52,0.66,8.47508
4000,7.519999999999997,0.66,8.475080000000002
4001,7.52,0.66,8.47508
4002,7.52,0.66,8.47508
4003,7.52,0.66,8.47508
4004,7.519999999999999,0.66,8.47508
4005,7.52,0.66,8.47508
4006,7.52,0.66,8.47508
4007,7.52,0.66,8.47508
4008,7.52,0.66,8.47508
4009,7.52,0.66,8.47508
4010,7.519999999999998,0.66,8.47508
4011,7.52,0.66,8.47508
4012,7.52,0.66,8.47508
4013,7.52,0.66,8.47508
4014,7.519999999999999,0.66,8.47508
4015,7.52,0.66,8.47508
4016,7.52,0.66,8.47508
4017,7.52,0.66,8.47508
4018,7.52,0.66,8.47508
4019,7.52,0.66,8.47508
4020,7.52,0.66,8.47508
4021,7.52,0.66,8.47508
4022,7.52,0.66,8.47508
4023,7.52,0.66,8.47508
4024,7.52,0.66,8.47508
4025,7.52,0.66,8.47508
4026,7.52,0.66,8.47508
4027,7.52,0.66,8.47508
4028,7.52,0.66,8.47508
4029,7.52,0.66,8.47508
4030,7.52,0.66,8.47508
4031,7.52,0.66,8.47508
4032,7.52,0.66,8.47508
4033,7.52,0.66,8.47508
4034,7.519999999999999,0.66,8.47508
4035,7.52,0.66,8.47508
4036,7.52,0.66,8.47508
4037,7.52,0.66,8.47508
4038,7.52,0.66,8.47508
4039,7.52,0.66,8.47508
4040,7.52,0.66,8.47508
4041,7.52,0.66,8.47508
4042,7.52,0.66,8.47508
4043,7.519999999999999,0.66,8.47508
4044,7.519999999999998,0.66,8.47508
4045,7.52,0.66,8.47508
4046,7.52,0.66,8.47508
4047,7.52,0.66,8.47508
4048,7.52,0.66,8.47508
4049,7.52,0.66,8.47508
4050,7.52,0.66,8.47508
4051,7.52,0.66,8.47508
4052,7.52,0.66,8.47508
4053,7.52,0.66,8.47508
4054,7.52,0.66,8.47508
4055,7.52,0.66,8.47508
4056,7.52,0.66,8.47508
4057,7.52,0.66,8.47508
4058,7.519999999999999,0.66,8.47508
4059,7.52,0.66,8.47508
4060,7.52,0.66,8.47508
4061,7.52,0.66,8.47508
4062,7.52,0.66,8.47508
4063,7.52,0.66,8.47508
4064,7.52,0.66,8.47508
4065,7.52,0.66,8.47508
4066,7.52,0.66,8.47508
4067,7.52,0.66,8.47508
4068,7.519999999999999,0.66,8.47508
4069,7.52,0.66,8.47508
4070,7.52,0.66,8.47508
4071,7.519999999999999,0.66,8.47508
4072,7.52,0.66,8.47508
4073,7.52,0.66,8.47508
4074,7.52,0.66,8.47508
4075,7.52,0.66,8.47508
4076,7.52,0.66,8.47508
4077,7.52,0.66,8.47508
4078,7.52,0.66,8.47508
4079,7.52,0.66,8.47508
4080,7.52,0.66,8.47508
4081,7.52,0.66,8.47508
4082,7.52,0.66,8.47508
4083,7.52,0.66,8.47508
4084,7.52,0.66,8.47508
4085,7.52,0.66,8.47508
4086,7.519999999999999,0.66,8.47508
4087,7.52,0.66,8.47508
4088,7.52,0.66,8.47508
4089,7.52,0.66,8.47508
4090,7.52,0.66,8.47508
4091,7.52,0.66,8.47508
4092,7.52,0.66,8.47508
4093,7.52,0.66,8.47508
4094,7.52,0.66,8.47508
4095,7.52,0.66,8.47508
4096,7.52,0.66,8.47508
4097,7.52,0.66,8.47508
4098,7.52,0.66,8.47508
4099,7.52,0.66,8.47508
4100,7.52,0.66,8.47508
4101,7.52,0.66,8.47508
4102,7.52,0.66,8.47508
4103,7.52,0.66,8.47508
4104,7.52,0.66,8.47508
4105,7.52,0.66,8.47508
4106,7.519999999999999,0.66,8.47508
4107,7.52,0.66,8.47508
4108,7.52,0.66,8.47508
4109,7.52,0.66,8.47508
4110,7.519999999999995,0.6599999999999996,8.475079999999995
4111,7.52,0.66,8.47508
4112,7.52,0.66,8.47508
4113,7.52,0.66,8.47508
4114,7.52,0.66,8.47508
4115,7.52,0.66,8.47508
4116,7.52,0.66,8.47508
4117,7.52,0.66,8.47508
4118,7.52,0.66,8.47508
4119,7.52,0.66,8.47508
4120,7.52,0.66,8.47508
4121,7.52,0.66,8.47508
4122,7.52,0.66,8.47508
4123,7.52,0.66,8.47508
4124,7.52,0.66,8.47508
4125,7.52,0.66,8.47508
4126,7.52,0.66,8.47508
4127,7.52,0.66,8.47508
4128,7.519999999999998,0.66,8.47508
4129,7.52,0.66,8.47508
4130,7.519999999999998,0.66,8.47508
4131,7.52,0.66,8.47508
4132,7.52,0.66,8.47508
4133,7.52,0.66,8.47508
4134,7.52,0.66,8.47508
4135,7.52,0.66,8.47508
4136,7.519999999999999,0.66,8.47508
4137,7.52,0.66,8.47508
4138,7.52,0.66,8.47508
4139,7.52,0.66,8.47508
4140,7.52,0.66,8.47508
4141,7.52,0.66,8.47508
4142,7.52,0.66,8.47508
4143,7.52,0.66,8.47508
4144,7.52,0.66,8.47508
4145,7.52,0.66,8.47508
4146,7.52,0.66,8.47508
4147,7.52,0.66,8.47508
4148,7.519999999999999,0.66,8.47508
4149,7.52,0.66,8.47508
4150,7.5200000000000005,0.66,8.475079999999998
4151,7.52,0.66,8.47508
4152,7.52,0.66,8.47508
4153,7.52,0.66,8.47508
4154,7.52,0.66,8.47508
4155,7.52,0.66,8.47508
4156,7.52,0.66,8.47508
4157,7.52,0.66,8.47508
4158,7.52,0.66,8.47508
4159,7.52,0.66,8.47508
4160,7.52,0.66,8.47508
4161,7.52,0.66,8.47508
4162,7.52,0.66,8.47508
4163,7.52,0.66,8.47508
4164,7.52,0.66,8.47508
4165,7.519999999999999,0.66,8.47508
4166,7.52,0.66,8.47508
4167,7.52,0.66,8.47508
4168,7.52,0.66,8.47508
4169,7.52,0.66,8.47508
4170,7.52,0.66,8.47508
4171,7.52,0.66,8.47508
4172,7.52,0.66,8.47508
4173,7.52,0.66,8.47508
4174,7.52,0.66,8.47508
4175,7.52,0.66,8.47508
4176,7.52,0.66,8.47508
4177,7.52,0.66,8.47508
4178,7.52,0.66,8.47508
4179,7.52,0.66,8.47508
4180,7.519999999999998,0.66,8.47508
4181,7.52,0.66,8.47508
4182,7.52,0.66,8.47508
4183,7.519999999999998,0.66,8.47508
4184,7.52,0.66,8.47508
4185,7.52,0.66,8.47508
4186,7.52,0.66,8.47508
4187,7.52,0.66,8.47508
4188,7.52,0.66,8.47508
4189,7.52,0.66,8.47508
4190,7.519999999999999,0.66,8.47508
4191,7.52,0.66,8.47508
4192,7.52,0.66,8.47508
4193,7.52,0.66,8.47508
4194,7.519999999999999,0.66,8.47508
4195,7.52,0.66,8.47508
4196,7.52,0.66,8.47508
4197,7.52,0.66,8.47508
4198,7.52,0.66,8.47508
4199,7.52,0.66,8.47508
4200,7.519999999999998,0.66,8.47508
4201,7.52,0.66,8.47508
4202,7.52,0.66,8.47508
4203,7.52,0.66,8.47508
4204,7.52,0.66,8.47508
4205,7.52,0.66,8.47508
4206,7.52,0.66,8.47508
4207,7.52,0.66,8.47508
4208,7.52,0.66,8.47508
4209,7.52,0.66,8.47508
4210,7.52,0.66,8.47508
4211,7.52,0.66,8.47508
4212,7.519999999999999,0.66,8.47508
4213,7.52,0.66,8.47508
4214,7.52,0.66,8.47508
4215,7.52,0.66,8.47508
4216,7.52,0.66,8.47508
4217,7.52,0.66,8.47508
4218,7.52,0.66,8.47508
4219,7.52,0.66,8.47508
4220,7.52,0.66,8.47508
4221,7.52,0.66,8.47508
4222,7.52,0.66,8.47508
4223,7.52,0.66,8.47508
4224,7.519999999999999,0.66,8.47508
4225,7.52,0.66,8.47508
4226,7.52,0.66,8.47508
4227,7.52,0.66,8.47508
4228,7.519999999999999,0.66,8.47508
4229,7.52,0.66,8.47508
4230,7.52,0.66,8.47508
4231,7.52,0.66,8.47508
4232,7.519999999999999,0.66,8.47508
4233,7.52,0.66,8.47508
4234,7.52,0.66,8.47508
4235,7.52,0.66,8.47508
4236,7.52,0.66,8.47508
4237,7.519999999999998,0.66,8.47508
4238,7.52,0.66,8.47508
4239,7.52,0.66,8.47508
4240,7.52,0.66,8.47508
4241,7.52,0.66,8.47508
4242,7.52,0.66,8.47508
4243,7.519999999999998,0.66,8.47508
4244,7.52,0.66,8.47508
4245,7.52,0.66,8.47508
4246,7.52,0.66,8.47508
4247,7.52,0.66,8.47508
4248,7.52,0.66,8.47508
4249,7.52,0.66,8.47508
4250,7.52,0.66,8.47508
4251,7.52,0.66,8.47508
4252,7.52,0.66,8.47508
4253,7.52,0.66,8.47508
4254,7.52,0.66,8.47508
4255,7.52,0.66,8.47508
4256,7.52,0.66,8.47508
4257,7.52,0.66,8.47508
4258,7.52,0.66,8.47508
4259,7.52,0.66,8.47508
4260,7.519999999999997,0.66,8.475080000000002
4261,7.52,0.66,8.47508
4262,7.5200000000000005,0.66,8.475079999999998
4263,7.519999999999998,0.66,8.47508
4264,7.52,0.66,8.47508
4265,7.52,0.66,8.47508
4266,7.52,0.66,8.47508
4267,7.52,0.66,8.47508
4268,7.52,0.66,8.47508
4269,7.52,0.66,8.47508
4270,8.236000000000002,0.66,9.19108
4271,8.236,0.66,9.19108
4272,8.236,0.66,9.19108
4273,8.235999999999995,0.66,9.19108
4274,8.236,0.66,9.19108
4275,8.236,0.66,9.19108
4276,8.236,0.66,9.19108
4277,8.236,0.66,9.19108
4278,8.236,0.66,9.19108
4279,8.236,0.66,9.19108
4280,8.236,0.66,9.19108
4281,8.236,0.66,9.19108
4282,8.236,0.66,9.19108
4283,8.236,0.66,9.19108
4284,8.236,0.66,9.19108
4285,8.236,0.66,9.19108
4286,8.236,0.66,9.19108
4287,8.236,0.66,9.19108
4288,8.236,0.66,9.19108
4289,8.236,0.66,9.19108
4290,8.236,0.66,9.19108
4291,8.236,0.66,9.19108
4292,8.236,0.66,9.19108
4293,8.236,0.66,9.19108
4294,8.236,0.66,9.19108
4295,8.236,0.66,9.19108
4296,8.236,0.66,9.19108
4297,8.236,0.66,9.19108
4298,8.236,0.66,9.19108
4299,8.236,0.66,9.19108
4300,8.236,0.66,9.19108
4301,8.236,0.66,9.19108
4302,8.236,0.66,9.19108
4303,8.236,0.66,9.19108
4304,8.236,0.66,9.19108
4305,8.236,0.66,9.19108
4306,8.236000000000002,0.66,9.19108
4307,8.236,0.66,9.19108
4308,8.236,0.66,9.19108
4309,8.236,0.66,9.19108
4310,8.236,0.66,9.19108
4311,8.236,0.66,9.19108
4312,8.236,0.66,9.19108
4313,8.236,0.66,9.19108
4314,8.236,0.66,9.19108
4315,8.236,0.66,9.19108
4316,8.236,0.66,9.19108
4317,8.236,0.66,9.19108
4318,8.236,0.66,9.19108
4319,8.236000000000002,0.66,9.19108
4320,8.236,0.66,9.19108
4321,8.236000000000002,0.66,9.19108
4322,8.236,0.66,9.19108
4323,8.235999999999995,0.66,9.19108
4324,8.236,0.66,9.19108
4325,8.236,0.66,9.19108
4326,8.236,0.66,9.19108
4327,8.236,0.66,9.19108
4328,8.236,0.66,9.19108
4329,8.236,0.66,9.19108
4330,8.236,0.66,9.19108
4331,8.236,0.66,9.19108
4332,8.236,0.66,9.19108
4333,8.236,0.66,9.19108
4334,8.236000000000002,0.66,9.19108
4335,8.236,0.66,9.19108
4336,8.236,0.66,9.19108
4337,8.236,0.66,9.19108
4338,8.236,0.66,9.19108
4339,8.236,0.66,9.19108
4340,8.236,0.66,9.19108
4341,8.236,0.66,9.19108
4342,8.236,0.66,9.19108
4343,8.236000000000002,0.66,9.19108
4344,8.236,0.66,9.19108
4345,8.236,0.66,9.19108
4346,8.236,0.66,9.19108
4347,8.236,0.66,9.19108
4348,8.236,0.66,9.19108
4349,8.236,0.66,9.19108
4350,8.236,0.66,9.19108
4351,8.236000000000002,0.66,9.19108
4352,8.236,0.66,9.19108
4353,8.235999999999997,0.66,9.19108
4354,8.236,0.66,9.19108
4355,8.236,0.66,9.19108
4356,8.236,0.66,9.19108
4357,8.236,0.66,9.19108
4358,8.236,0.66,9.19108
4359,8.236,0.66,9.19108
4360,8.236,0.66,9.19108
4361,8.236,0.66,9.19108
4362,8.236000000000002,0.66,9.19108
4363,8.236,0.66,9.19108
4364,8.236,0.66,9.19108
4365,8.236,0.66,9.19108
4366,8.236,0.66,9.19108
4367,8.236,0.66,9.19108
4368,8.236,0.66,9.19108
4369,8.236,0.66,9.19108
4370,8.236,0.66,9.19108
4371,8.236,0.66,9.19108
4372,8.236,0.66,9.19108
4373,8.236,0.66,9.19108
4374,8.236,0.66,9.19108
4375,8.236,0.66,9.19108
4376,8.236,0.66,9.19108
4377,8.236,0.66,9.19108
4378,8.236,0.66,9.19108
4379,8.236,0.66,9.19108
4380,8.236,0.66,9.19108
4381,8.235999999999997,0.66,9.19108
4382,8.236,0.66,9.19108
4383,8.236,0.66,9.19108
4384,8.236,0.66,9.19108
4385,8.236,0.66,9.19108
4386,8.236,0.66,9.19108
4387,8.236,0.66,9.19108
4388,8.236,0.66,9.19108
4389,8.236,0.66,9.19108
4390,8.236,0.66,9.19108
4391,8.236,0.66,9.19108
4392,8.236,0.66,9.19108
4393,8.236,0.66,9.19108
4394,8.236,0.66,9.19108
4395,8.236,0.66,9.19108
4396,8.236,0.66,9.19108
4397,8.236,0.66,9.19108
4398,8.236,0.66,9.19108
4399,8.235999999999997,0.66,9.19108
4400,8.236,0.66,9.19108
4401,8.236,0.66,9.19108
4402,8.236,0.66,9.19108
4403,8.236,0.66,9.19108
4404,8.236,0.66,9.19108
4405,8.236,0.66,9.19108
4406,8.236,0.66,9.19108
4407,8.236,0.66,9.19108
4408,8.236,0.66,9.19108
4409,8.236,0.66,9.19108
4410,8.236,0.66,9.19108
4411,8.236,0.66,9.19108
4412,8.236,0.66,9.19108
4413,8.236,0.66,9.19108
4414,8.236,0.66,9.19108
4415,8.236,0.66,9.19108
4416,8.236,0.66,9.19108
4417,8.236,0.66,9.19108
4418,8.236000000000002,0.66,9.19108
4419,8.236,0.66,9.19108
4420,8.236,0.66,9.19108
4421,8.236,0.66,9.19108
4422,8.236,0.66,9.19108
4423,8.236,0.66,9.19108
4424,8.236,0.66,9.19108
4425,8.236,0.66,9.19108
4426,8.236,0.66,9.19108
4427,8.236,0.66,9.19108
4428,8.236,0.66,9.19108
4429,8.236,0.66,9.19108
4430,8.236,0.66,9.19108
4431,8.236,0.66,9.19108
4432,8.236,0.66,9.19108
4433,8.236,0.66,9.19108
4434,8.236,0.66,9.19108
4435,8.236,0.66,9.19108
4436,8.236,0.66,9.19108
4437,8.236,0.66,9.19108
4438,8.236,0.66,9.19108
4439,8.236000000000002,0.66,9.19108
4440,8.236,0.66,9.19108
4441,8.236,0.66,9.19108
4442,8.236,0.66,9.19108
4443,8.236,0.66,9.19108
4444,8.236,0.66,9.19108
4445,8.236,0.66,9.19108
4446,8.236,0.66,9.19108
4447,8.236,0.66,9.19108
4448,8.236,0.66,9.19108
4449,8.236,0.66,9.19108
4450,8.236,0.66,9.19108
4451,8.236,0.66,9.19108
4452,8.236,0.66,9.19108
4453,8.236,0.66,9.19108
4454,8.236,0.66,9.19108
4455,8.236,0.66,9.19108
4456,8.236,0.66,9.19108
4457,8.236,0.66,9.19108
4458,8.236,0.66,9.19108
4459,8.236,0.66,9.19108
4460,8.236,0.66,9.19108
4461,8.236,0.66,9.19108
4462,8.236,0.66,9.19108
4463,8.235999999999997,0.66,9.19108
4464,8.236,0.66,9.19108
4465,8.236,0.66,9.19108
4466,8.236,0.66,9.19108
4467,8.236,0.66,9.19108
4468,8.236,0.66,9.19108
4469,8.236,0.66,9.19108
4470,8.236,0.66,9.19108
4471,8.236,0.66,9.19108
4472,8.236,0.66,9.19108
4473,8.236,0.66,9.19108
4474,8.236,0.66,9.19108
4475,8.236,0.66,9.19108
4476,8.236,0.66,9.19108
4477,8.235999999999995,0.66,9.19108
4478,8.236,0.66,9.19108
4479,8.236,0.66,9.19108
4480,8.236,0.66,9.19108
4481,8.236,0.66,9.19108
4482,8.236,0.66,9.19108
4483,8.236,0.66,9.19108
4484,8.236,0.66,9.19108
4485,8.236000000000002,0.66,9.19108
4486,8.236,0.66,9.19108
4487,8.236,0.66,9.19108
4488,8.236,0.66,9.19108
4489,8.236,0.66,9.19108
4490,8.236,0.66,9.19108
4491,8.236,0.66,9.19108
4492,8.236,0.66,9.19108
4493,8.236,0.66,9.19108
4494,8.236,0.66,9.19108
4495,8.236,0.66,9.19108
4496,8.236,0.66,9.19108
4497,8.236,0.66,9.19108
4498,8.236,0.66,9.19108
4499,8.236,0.66,9.19108
4500,8.236,0.66,9.19108
4501,8.236,0.66,9.19108
4502,8.236,0.66,9.19108
4503,8.236,0.66,9.19108
4504,8.236,0.66,9.19108
4505,8.236,0.66,9.19108
4506,8.236,0.66,9.19108
4507,8.236,0.66,9.19108
4508,8.236,0.66,9.19108
4509,8.236,0.66,9.19108
4510,8.236,0.66,9.19108
4511,8.236,0.66,9.19108
4512,8.236,0.66,9.19108
4513,8.236,0.66,9.19108
4514,8.236,0.66,9.19108
4515,8.236,0.66,9.19108
4516,8.236,0.66,9.19108
4517,8.236,0.66,9.19108
4518,8.236,0.66,9.19108
4519,8.236,0.66,9.19108
4520,8.236,0.66,9.19108
4521,8.236,0.66,9.19108
4522,8.236000000000002,0.66,9.19108
